{
  "tracker_id": 0,
  "start_timestamp": 1775077637.7850432,
  "frame_count": 39,
  "dt": 0.016666666666666666,
  "ground_z_threshold": -0.22,
  "coord_frame": "body",
  "image_dir": "trajectory_tracker0_20260401_230718_0001",
  "frames": [
    {
      "frame_index": 0,
      "timestamp": 1775077637.7850432,
      "relative_time": 0.0,
      "body_pos": [
        0.0,
        0.0,
        0.0
      ],
      "body_rot": [
        [
          0.974825033529054,
          -0.17757238447666168,
          0.13484884798526764
        ],
        [
          0.174427792429924,
          0.9840519100024706,
          0.03488248586654663
        ],
        [
          -0.13889242708683014,
          -0.010482937097549438,
          0.9902519905652961
        ]
      ],
      "detection_pos": [
        0.39494073284141434,
        -0.07806349509153075,
        0.3549844050706135
      ],
      "kf_pos": [
        0.39494073284141434,
        -0.07806349509153075,
        0.3549844050706135
      ],
      "kf_vel": [
        0.0,
        0.0,
        0.0
      ],
      "has_detection": true,
      "kf_state": "update",
      "rgb_file": "rgb_000000.png",
      "rgb_overlay_file": "rgb_overlay_000000.png",
      "depth_file": "depth_000000.npy",
      "gt_pos": [
        0.3908656109567855,
        -0.07727469586529792,
        0.35732387297138335
      ],
      "gt_pos_source": "gt_fit_icp",
      "gt_pos_rmse": 0.0005219233304268612
    },
    {
      "frame_index": 1,
      "timestamp": 1775077637.8012736,
      "relative_time": 0.016230344772338867,
      "body_pos": [
        0.0,
        0.0,
        0.0
      ],
      "body_rot": [
        [
          0.9748292977637297,
          -0.17756925523281097,
          0.13482211530208588
        ],
        [
          0.17442311346530914,
          0.984052279562569,
          0.03489545360207558
        ],
        [
          -0.13886837661266327,
          -0.010501019656658173,
          0.9902551726831527
        ]
      ],
      "detection_pos": [
        0.393578994092492,
        -0.07672439305726718,
        0.3913669361104615
      ],
      "kf_pos": [
        0.3935789942645463,
        -0.07672439305871602,
        0.3913669346175225
      ],
      "kf_vel": [
        0.022653008899664564,
        0.0017611845910045672,
        -0.1606493293988245
      ],
      "has_detection": true,
      "kf_state": "update",
      "rgb_file": "rgb_000001.png",
      "rgb_overlay_file": "rgb_overlay_000001.png",
      "depth_file": "depth_000001.npy",
      "gt_pos": [
        0.38820073028752783,
        -0.0737442377916353,
        0.38956110834380253
      ],
      "gt_pos_source": "gt_fit_icp",
      "gt_pos_rmse": 0.0005895026501224267
    },
    {
      "frame_index": 2,
      "timestamp": 1775077637.8189273,
      "relative_time": 0.03388404846191406,
      "body_pos": [
        0.0,
        0.0,
        0.0
      ],
      "body_rot": [
        [
          0.9748304164733986,
          -0.17757031321525574,
          0.13481265306472778
        ],
        [
          0.17442286014556885,
          0.9840519656644777,
          0.03490561991930008
        ],
        [
          -0.13886085152626038,
          -0.010512655600905418,
          0.9902561041851964
        ]
      ],
      "detection_pos": [
        0.3855318509144621,
        -0.0770604831467329,
        0.42688235306926015
      ],
      "kf_pos": [
        0.385532308860054,
        -0.07706045346440414,
        0.42687948179596064
      ],
      "kf_vel": [
        -0.47160256202423023,
        -0.019040760369811314,
        2.049859943579078
      ],
      "has_detection": true,
      "kf_state": "update",
      "rgb_file": "rgb_000002.png",
      "rgb_overlay_file": "rgb_overlay_000002.png",
      "depth_file": "depth_000002.npy",
      "gt_pos": [
        0.38144041930893013,
        -0.07446906770735322,
        0.4256769568626291
      ],
      "gt_pos_source": "gt_fit_icp",
      "gt_pos_rmse": 0.0005590623587753904
    },
    {
      "frame_index": 3,
      "timestamp": 1775077637.8406858,
      "relative_time": 0.05564260482788086,
      "body_pos": [
        0.0,
        0.0,
        0.0
      ],
      "body_rot": [
        [
          0.9748356129577215,
          -0.17755061388015747,
          0.13480103015899658
        ],
        [
          0.1743994653224945,
          0.9840551966606021,
          0.034931354224681854
        ],
        [
          -0.13885372877120972,
          -0.010543106123805046,
          0.9902567776246985
        ]
      ],
      "detection_pos": [
        0.35982356055939224,
        -0.0706947296995934,
        0.45328920532195816
      ],
      "kf_pos": [
        0.3628306298438671,
        -0.07180673120720306,
        0.45435577452479425
      ],
      "kf_vel": [
        -0.9902279704886664,
        0.18280837193524183,
        1.6958382491565294
      ],
      "has_detection": true,
      "kf_state": "update",
      "rgb_file": "rgb_000003.png",
      "rgb_overlay_file": "rgb_overlay_000003.png",
      "depth_file": "depth_000003.npy",
      "gt_pos": [
        0.3583197669494999,
        -0.07181135621706161,
        0.4502555041540171
      ],
      "gt_pos_source": "gt_fit_icp",
      "gt_pos_rmse": 0.0005458900183819709
    },
    {
      "frame_index": 4,
      "timestamp": 1775077637.863169,
      "relative_time": 0.0781257152557373,
      "body_pos": [
        0.0,
        0.0,
        0.0
      ],
      "body_rot": [
        [
          0.9748249347975876,
          -0.1775645613670349,
          0.1348598450422287
        ],
        [
          0.1744130253791809,
          0.9840528193380307,
          0.03493061661720276
        ],
        [
          -0.1389116495847702,
          -0.01052992232143879,
          0.9902487946226667
        ]
      ],
      "detection_pos": [
        0.36572077927866303,
        -0.0729059391421994,
        0.4867782031564998
      ],
      "kf_pos": [
        0.35995183386582474,
        -0.07165818001673867,
        0.4851336352596874
      ],
      "kf_vel": [
        -0.6211896879423214,
        0.1096272551926199,
        1.6328809636072172
      ],
      "has_detection": true,
      "kf_state": "update",
      "rgb_file": "rgb_000004.png",
      "rgb_overlay_file": "rgb_overlay_000004.png",
      "depth_file": "depth_000004.npy",
      "gt_pos": [
        0.3615356855616082,
        -0.07016162069288029,
        0.4822428132443334
      ],
      "gt_pos_source": "gt_fit_icp",
      "gt_pos_rmse": 0.0005758582605152626
    },
    {
      "frame_index": 5,
      "timestamp": 1775077637.881184,
      "relative_time": 0.09614086151123047,
      "body_pos": [
        0.0,
        0.0,
        0.0
      ],
      "body_rot": [
        [
          0.9748284974685708,
          -0.17752818763256073,
          0.13488197326660156
        ],
        [
          0.1743711680173874,
          0.9840589944770846,
          0.034965623170137405
        ],
        [
          -0.13893920183181763,
          -0.010565961711108685,
          0.9902445458367557
        ]
      ],
      "detection_pos": [
        0.36427410899578183,
        -0.07192689517773408,
        0.5133822501351091
      ],
      "kf_pos": [
        0.35847830619295373,
        -0.07108374837989924,
        0.5124330710640854
      ],
      "kf_vel": [
        -0.4241860569707423,
        0.0859153230829694,
        1.4995752674816816
      ],
      "has_detection": true,
      "kf_state": "update",
      "rgb_file": "rgb_000005.png",
      "rgb_overlay_file": "rgb_overlay_000005.png",
      "depth_file": "depth_000005.npy",
      "gt_pos": [
        0.358315724011766,
        -0.07007674259968914,
        0.5096051950073281
      ],
      "gt_pos_source": "gt_fit_icp",
      "gt_pos_rmse": 0.0005807318137237476
    },
    {
      "frame_index": 6,
      "timestamp": 1775077637.8951244,
      "relative_time": 0.11008119583129883,
      "body_pos": [
        0.0,
        0.0,
        0.0
      ],
      "body_rot": [
        [
          0.9748330921769985,
          -0.17749729752540588,
          0.1348894238471985
        ],
        [
          0.17434415221214294,
          0.9840648586980156,
          0.03493521362543106
        ],
        [
          -0.13894084095954895,
          -0.010538822039961815,
          0.9902446039278858
        ]
      ],
      "detection_pos": [
        0.35059663203907776,
        -0.06809414483409978,
        0.5358453342923586
      ],
      "kf_pos": [
        0.35107332174760236,
        -0.06881568054840807,
        0.5359564920007293
      ],
      "kf_vel": [
        -0.4101040937522572,
        0.10074240881491711,
        1.3356236151844338
      ],
      "has_detection": true,
      "kf_state": "update",
      "rgb_file": "rgb_000006.png",
      "rgb_overlay_file": "rgb_overlay_000006.png",
      "depth_file": "depth_000006.npy",
      "gt_pos": [
        0.3482894582159194,
        -0.06563215128330321,
        0.5331481606392932
      ],
      "gt_pos_source": "gt_fit_icp",
      "gt_pos_rmse": 0.000569805650108838
    },
    {
      "frame_index": 7,
      "timestamp": 1775077637.9067006,
      "relative_time": 0.1216573715209961,
      "body_pos": [
        0.0,
        0.0,
        0.0
      ],
      "body_rot": [
        [
          0.9748318393947935,
          -0.17751112580299377,
          0.13488028943538666
        ],
        [
          0.17435872554779053,
          0.9840624058815264,
          0.034931667149066925
        ],
        [
          -0.13893137872219086,
          -0.010534949600696564,
          0.9902459745248118
        ]
      ],
      "detection_pos": [
        0.35311286376770745,
        -0.06769439046586637,
        0.5591565944952764
      ],
      "kf_pos": [
        0.3484703741403656,
        -0.06739063773030801,
        0.5579364669812322
      ],
      "kf_vel": [
        -0.3310418004115355,
        0.09877900473582062,
        1.1889737846855675
      ],
      "has_detection": true,
      "kf_state": "update",
      "rgb_file": "rgb_000007.png",
      "rgb_overlay_file": "rgb_overlay_000007.png",
      "depth_file": "depth_000007.npy",
      "gt_pos": [
        0.34704418394599984,
        -0.06445428342774728,
        0.5531760749870379
      ],
      "gt_pos_source": "gt_fit_icp",
      "gt_pos_rmse": 0.0005743200991827367
    },
    {
      "frame_index": 8,
      "timestamp": 1775077637.920748,
      "relative_time": 0.13570475578308105,
      "body_pos": [
        0.0,
        0.0,
        0.0
      ],
      "body_rot": [
        [
          0.974830643973597,
          -0.17748194932937622,
          0.13492731750011444
        ],
        [
          0.1743302345275879,
          0.9840678244225648,
          0.034921254962682724
        ],
        [
          -0.13897551596164703,
          -0.010520405136048794,
          0.9902399348670249
        ]
      ],
      "detection_pos": [
        0.3313147392683169,
        -0.06274096589413834,
        0.5694679017609446
      ],
      "kf_pos": [
        0.3381862922388971,
        -0.06446728239754211,
        0.5734661034549577
      ],
      "kf_vel": [
        -0.3681523762808674,
        0.11566277011351768,
        0.9891331409446901
      ],
      "has_detection": true,
      "kf_state": "update",
      "rgb_file": "rgb_000008.png",
      "rgb_overlay_file": "rgb_overlay_000008.png",
      "depth_file": "depth_000008.npy",
      "gt_pos": [
        0.3323571672125743,
        -0.06318294178236449,
        0.5699310155416308
      ],
      "gt_pos_source": "gt_fit_icp",
      "gt_pos_rmse": 0.0005486298650608702
    },
    {
      "frame_index": 9,
      "timestamp": 1775077637.9363031,
      "relative_time": 0.1512598991394043,
      "body_pos": [
        0.0,
        0.0,
        0.0
      ],
      "body_rot": [
        [
          0.9748390652979235,
          -0.17745177447795868,
          0.13490615785121918
        ],
        [
          0.1742962747812271,
          0.9840728974227979,
          0.034947797656059265
        ],
        [
          -0.13895903527736664,
          -0.010554840788245201,
          0.9902418809591753
        ]
      ],
      "detection_pos": [
        0.3333803316104539,
        -0.06204697317521615,
        0.5891563636053769
      ],
      "kf_pos": [
        0.3326802678880833,
        -0.06234699718857633,
        0.5888138798286122
      ],
      "kf_vel": [
        -0.34079745797702604,
        0.1193412419133264,
        0.8297999388399098
      ],
      "has_detection": true,
      "kf_state": "update",
      "rgb_file": "rgb_000009.png",
      "rgb_overlay_file": "rgb_overlay_000009.png",
      "depth_file": "depth_000009.npy",
      "gt_pos": [
        0.33076160147872546,
        -0.06131906992994028,
        0.5845285228736545
      ],
      "gt_pos_source": "gt_fit_icp",
      "gt_pos_rmse": 0.0005701904324502364
    },
    {
      "frame_index": 10,
      "timestamp": 1775077637.952664,
      "relative_time": 0.16762065887451172,
      "body_pos": [
        0.0,
        0.0,
        0.0
      ],
      "body_rot": [
        [
          0.97484797113586,
          -0.1774342656135559,
          0.13486482203006744
        ],
        [
          0.1742802858352661,
          0.9840760448590348,
          0.03493884950876236
        ],
        [
          -0.13891659677028656,
          -0.010555790737271309,
          0.9902478259787745
        ]
      ],
      "detection_pos": [
        0.3278030144141847,
        -0.05956348184894026,
        0.6039149396328252
      ],
      "kf_pos": [
        0.3274146578364229,
        -0.060067154951852886,
        0.6022488158405961
      ],
      "kf_vel": [
        -0.31631425654738965,
        0.1236981477012846,
        0.6789426705814785
      ],
      "has_detection": true,
      "kf_state": "update",
      "rgb_file": "rgb_000010.png",
      "rgb_overlay_file": "rgb_overlay_000010.png",
      "depth_file": "depth_000010.npy",
      "gt_pos": [
        0.3277828690648439,
        -0.05921339600852089,
        0.5976903978295355
      ],
      "gt_pos_source": "gt_fit_icp",
      "gt_pos_rmse": 0.0005800844043787666
    },
    {
      "frame_index": 11,
      "timestamp": 1775077637.9687953,
      "relative_time": 0.18375205993652344,
      "body_pos": [
        0.0,
        0.0,
        0.0
      ],
      "body_rot": [
        [
          0.9748454909212708,
          -0.1774570494890213,
          0.13485276699066162
        ],
        [
          0.17430125176906586,
          0.9840717823956637,
          0.03495432808995247
        ],
        [
          -0.13890770077705383,
          -0.01057006511837244,
          0.990248921808261
        ]
      ],
      "detection_pos": [
        0.3306045753475865,
        -0.05943197187266046,
        0.6123016503417186
      ],
      "kf_pos": [
        0.32501682572144525,
        -0.058469045602367514,
        0.6122137695229174
      ],
      "kf_vel": [
        -0.2692221317331736,
        0.12126005057637995,
        0.5163092792037297
      ],
      "has_detection": true,
      "kf_state": "update",
      "rgb_file": "rgb_000011.png",
      "rgb_overlay_file": "rgb_overlay_000011.png",
      "depth_file": "depth_000011.npy",
      "gt_pos": [
        0.3300474215481541,
        -0.057276885824810206,
        0.6068885188997181
      ],
      "gt_pos_source": "gt_fit_icp",
      "gt_pos_rmse": 0.0005728588016229265
    },
    {
      "frame_index": 12,
      "timestamp": 1775077637.984657,
      "relative_time": 0.1996138095855713,
      "body_pos": [
        0.0,
        0.0,
        0.0
      ],
      "body_rot": [
        [
          0.9748549532312971,
          -0.17740873992443085,
          0.134847953915596
        ],
        [
          0.17424730956554413,
          0.9840800136833674,
          0.034991513937711716
        ],
        [
          -0.1389089673757553,
          -0.010614761151373386,
          0.9902482655543134
        ]
      ],
      "detection_pos": [
        0.32655444053545796,
        -0.05659666882081171,
        0.6143049424914848
      ],
      "kf_pos": [
        0.3225125244168797,
        -0.05648476740247395,
        0.6177099631019951
      ],
      "kf_vel": [
        -0.23067717068109989,
        0.12263046687982342,
        0.3345688649519554
      ],
      "has_detection": true,
      "kf_state": "update",
      "rgb_file": "rgb_000012.png",
      "rgb_overlay_file": "rgb_overlay_000012.png",
      "depth_file": "depth_000012.npy",
      "gt_pos": [
        0.3235775214410722,
        -0.05406986810056225,
        0.6165668906649714
      ],
      "gt_pos_source": "gt_fit_icp",
      "gt_pos_rmse": 0.0006193400122508102
    },
    {
      "frame_index": 13,
      "timestamp": 1775077638.003107,
      "relative_time": 0.2180638313293457,
      "body_pos": [
        0.0,
        0.0,
        0.0
      ],
      "body_rot": [
        [
          0.9748552651765143,
          -0.17741741240024567,
          0.13483425974845886
        ],
        [
          0.17425359785556793,
          0.9840782345315254,
          0.03501022607088089
        ],
        [
          -0.13889887928962708,
          -0.010634551756083965,
          0.9902494668911949
        ]
      ],
      "detection_pos": [
        0.32740210113181833,
        -0.0537544005590974,
        0.6200448246638678
      ],
      "kf_pos": [
        0.32131091645127363,
        -0.05424449278105393,
        0.621268535251213
      ],
      "kf_vel": [
        -0.18799339021071865,
        0.12596801400721136,
        0.16445317219168343
      ],
      "has_detection": true,
      "kf_state": "update",
      "rgb_file": "rgb_000013.png",
      "rgb_overlay_file": "rgb_overlay_000013.png",
      "depth_file": "depth_000013.npy",
      "gt_pos": [
        0.32403890310542743,
        -0.052411298632351284,
        0.6204915215563185
      ],
      "gt_pos_source": "gt_fit_icp",
      "gt_pos_rmse": 0.000566857409752669
    },
    {
      "frame_index": 14,
      "timestamp": 1775077638.018555,
      "relative_time": 0.23351168632507324,
      "body_pos": [
        0.0,
        0.0,
        0.0
      ],
      "body_rot": [
        [
          0.9748576348446564,
          -0.17741672694683075,
          0.13481801748275757
        ],
        [
          0.17424948513507843,
          0.9840780483190459,
          0.03503591567277908
        ],
        [
          -0.1388874053955078,
          -0.010663061402738094,
          0.9902507696094537
        ]
      ],
      "detection_pos": [
        0.3281970607946243,
        -0.05288647396881485,
        0.6219462453883163
      ],
      "kf_pos": [
        0.32103807792937744,
        -0.052345053950215895,
        0.6223615345374534
      ],
      "kf_vel": [
        -0.14462117891394577,
        0.12621215930640417,
        -0.001843591336849984
      ],
      "has_detection": true,
      "kf_state": "update",
      "rgb_file": "rgb_000014.png",
      "rgb_overlay_file": "rgb_overlay_000014.png",
      "depth_file": "depth_000014.npy",
      "gt_pos": [
        0.3231268106218773,
        -0.05107744761089262,
        0.6250834671435364
      ],
      "gt_pos_source": "gt_fit_icp",
      "gt_pos_rmse": 0.0005532287819473658
    },
    {
      "frame_index": 15,
      "timestamp": 1775077638.0355468,
      "relative_time": 0.2505035400390625,
      "body_pos": [
        0.0,
        0.0,
        0.0
      ],
      "body_rot": [
        [
          0.974872839716086,
          -0.17737022042274475,
          0.1347692608833313
        ],
        [
          0.17420560121536255,
          0.9840864617057417,
          0.035017821937799454
        ],
        [
          -0.13883572816848755,
          -0.010660365223884583,
          0.9902580463711703
        ]
      ],
      "detection_pos": [
        0.33024382235863925,
        -0.05116577177817487,
        0.6248421309075349
      ],
      "kf_pos": [
        0.3217649535009066,
        -0.050454757610075875,
        0.6220945288386542
      ],
      "kf_vel": [
        -0.10076419247213927,
        0.12608677964873902,
        -0.15285166702942263
      ],
      "has_detection": true,
      "kf_state": "update",
      "rgb_file": "rgb_000015.png",
      "rgb_overlay_file": "rgb_overlay_000015.png",
      "depth_file": "depth_000015.npy",
      "gt_pos": [
        0.3233332619585042,
        -0.04866585701954861,
        0.6310127201124907
      ],
      "gt_pos_source": "gt_fit_icp",
      "gt_pos_rmse": 0.0006225631352197925
    },
    {
      "frame_index": 16,
      "timestamp": 1775077638.0557923,
      "relative_time": 0.2707490921020508,
      "body_pos": [
        0.0,
        0.0,
        0.0
      ],
      "body_rot": [
        [
          0.9748690955326467,
          -0.17739202082157135,
          0.13476768136024475
        ],
        [
          0.17422743141651154,
          0.9840825478377627,
          0.03501927852630615
        ],
        [
          -0.1388346552848816,
          -0.010658993385732174,
          0.9902582131443697
        ]
      ],
      "detection_pos": [
        0.3334975120753842,
        -0.049539885244312756,
        0.6261032748544336
      ],
      "kf_pos": [
        0.32348709548602744,
        -0.04864599396038189,
        0.620545107404199
      ],
      "kf_vel": [
        -0.05592383515164607,
        0.12560106133267251,
        -0.2907039108633429
      ],
      "has_detection": true,
      "kf_state": "update",
      "rgb_file": "rgb_000016.png",
      "rgb_overlay_file": "rgb_overlay_000016.png",
      "depth_file": "depth_000016.npy",
      "gt_pos": [
        0.32695709123746786,
        -0.048628296749143485,
        0.6295967129105399
      ],
      "gt_pos_source": "gt_fit_icp",
      "gt_pos_rmse": 0.0005764706745347092
    },
    {
      "frame_index": 17,
      "timestamp": 1775077638.071145,
      "relative_time": 0.2861018180847168,
      "body_pos": [
        0.0,
        0.0,
        0.0
      ],
      "body_rot": [
        [
          0.9748662734356514,
          -0.17739437520503998,
          0.134784996509552
        ],
        [
          0.17422838509082794,
          0.9840820689638289,
          0.03502790257334709
        ],
        [
          -0.1388532519340515,
          -0.010664151050150394,
          0.9902555502244998
        ]
      ],
      "detection_pos": [
        0.33447978635954106,
        -0.04744464416872695,
        0.6255693614203316
      ],
      "kf_pos": [
        0.32544054873900696,
        -0.04676490292389032,
        0.617721669746334
      ],
      "kf_vel": [
        -0.015692787525846054,
        0.12564251782603003,
        -0.417077176441639
      ],
      "has_detection": true,
      "kf_state": "update",
      "rgb_file": "rgb_000017.png",
      "rgb_overlay_file": "rgb_overlay_000017.png",
      "depth_file": "depth_000017.npy",
      "gt_pos": [
        0.3282648905800242,
        -0.04426033425749454,
        0.6287565674277714
      ],
      "gt_pos_source": "gt_fit_icp",
      "gt_pos_rmse": 0.0005475897935196022
    },
    {
      "frame_index": 18,
      "timestamp": 1775077638.086603,
      "relative_time": 0.3015596866607666,
      "body_pos": [
        0.0,
        0.0,
        0.0
      ],
      "body_rot": [
        [
          0.974865249241279,
          -0.17737990617752075,
          0.1348114311695099
        ],
        [
          0.17421936988830566,
          0.9840851548365191,
          0.034986041486263275
        ],
        [
          -0.13887175917625427,
          -0.010619917884469032,
          0.9902534304137888
        ]
      ],
      "detection_pos": [
        0.33491354020029596,
        -0.04508157413500503,
        0.6207057743314806
      ],
      "kf_pos": [
        0.32746466551026665,
        -0.0447396606232628,
        0.6128188673987576
      ],
      "kf_vel": [
        0.020020131762989973,
        0.12642774270405888,
        -0.5427973885690204
      ],
      "has_detection": true,
      "kf_state": "update",
      "rgb_file": "rgb_000018.png",
      "rgb_overlay_file": "rgb_overlay_000018.png",
      "depth_file": "depth_000018.npy",
      "gt_pos": [
        0.330005095205302,
        -0.0430219136161663,
        0.6193046726398934
      ],
      "gt_pos_source": "gt_fit_icp",
      "gt_pos_rmse": 0.0005769087954709793
    },
    {
      "frame_index": 19,
      "timestamp": 1775077638.1029086,
      "relative_time": 0.31786537170410156,
      "body_pos": [
        0.0,
        0.0,
        0.0
      ],
      "body_rot": [
        [
          0.9748770186587075,
          -0.17733417451381683,
          0.134786456823349
        ],
        [
          0.17416216433048248,
          0.9840924047524756,
          0.03506685048341751
        ],
        [
          -0.13886088132858276,
          -0.010711165145039558,
          0.9902539712270341
        ]
      ],
      "detection_pos": [
        0.32929355924282444,
        -0.04166490474087931,
        0.6113170707562493
      ],
      "kf_pos": [
        0.3281886363881459,
        -0.04243434235810116,
        0.6051542358648295
      ],
      "kf_vel": [
        0.04249453188031008,
        0.1296016919185064,
        -0.6745691710450828
      ],
      "has_detection": true,
      "kf_state": "update",
      "rgb_file": "rgb_000019.png",
      "rgb_overlay_file": "rgb_overlay_000019.png",
      "depth_file": "depth_000019.npy",
      "gt_pos": [
        0.327267033746799,
        -0.039957610152112855,
        0.6088108527972629
      ],
      "gt_pos_source": "gt_fit_icp",
      "gt_pos_rmse": 0.0005662178565941081
    },
    {
      "frame_index": 20,
      "timestamp": 1775077638.1187983,
      "relative_time": 0.3337550163269043,
      "body_pos": [
        0.0,
        0.0,
        0.0
      ],
      "body_rot": [
        [
          0.9748806880542764,
          -0.17730608582496643,
          0.1347969025373459
        ],
        [
          0.1741398572921753,
          0.9840979208978236,
          0.03502287715673447
        ],
        [
          -0.13886313140392303,
          -0.010669616982340813,
          0.9902541066563937
        ]
      ],
      "detection_pos": [
        0.33146836627757825,
        -0.03951398113395638,
        0.6040752501429754
      ],
      "kf_pos": [
        0.3294781325314823,
        -0.04007802503576598,
        0.5960945383127028
      ],
      "kf_vel": [
        0.06591438993904696,
        0.13218575018791356,
        -0.7976940921746543
      ],
      "has_detection": true,
      "kf_state": "update",
      "rgb_file": "rgb_000020.png",
      "rgb_overlay_file": "rgb_overlay_000020.png",
      "depth_file": "depth_000020.npy",
      "gt_pos": [
        0.32956945418902145,
        -0.03658809626701158,
        0.5987814039743786
      ],
      "gt_pos_source": "gt_fit_icp",
      "gt_pos_rmse": 0.000573636651009896
    },
    {
      "frame_index": 21,
      "timestamp": 1775077638.1352746,
      "relative_time": 0.350231409072876,
      "body_pos": [
        0.0,
        0.0,
        0.0
      ],
      "body_rot": [
        [
          0.9748784099717808,
          -0.17727860808372498,
          0.13484951853752136
        ],
        [
          0.17410197854042053,
          0.9841021945207984,
          0.03509094566106796
        ],
        [
          -0.13892656564712524,
          -0.010731842368841171,
          0.9902445345083869
        ]
      ],
      "detection_pos": [
        0.33599180815161883,
        -0.03737364905374097,
        0.5884321547889758
      ],
      "kf_pos": [
        0.3318015988807743,
        -0.03777693937585905,
        0.5835547928164913
      ],
      "kf_vel": [
        0.09498920859726573,
        0.13463110134780337,
        -0.9371518504053987
      ],
      "has_detection": true,
      "kf_state": "update",
      "rgb_file": "rgb_000021.png",
      "rgb_overlay_file": "rgb_overlay_000021.png",
      "depth_file": "depth_000021.npy",
      "gt_pos": [
        0.32965936354575465,
        -0.0338372144505805,
        0.5789068116525551
      ],
      "gt_pos_source": "gt_fit_icp",
      "gt_pos_rmse": 0.0005782835776497581
    },
    {
      "frame_index": 22,
      "timestamp": 1775077638.1527593,
      "relative_time": 0.36771607398986816,
      "body_pos": [
        0.0,
        0.0,
        0.0
      ],
      "body_rot": [
        [
          0.9748677263331914,
          -0.17731864750385284,
          0.13487409055233002
        ],
        [
          0.1741437166929245,
          0.9840952109441077,
          0.03507966920733452
        ],
        [
          -0.1389492303133011,
          -0.01071056630462408,
          0.9902415868229398
        ]
      ],
      "detection_pos": [
        0.3314778048935616,
        -0.03377025250755249,
        0.564764921396466
      ],
      "kf_pos": [
        0.3331301859465506,
        -0.035143552850104294,
        0.566054310202684
      ],
      "kf_vel": [
        0.11503000248779643,
        0.13902836176301606,
        -1.1047982506759255
      ],
      "has_detection": true,
      "kf_state": "update",
      "rgb_file": "rgb_000022.png",
      "rgb_overlay_file": "rgb_overlay_000022.png",
      "depth_file": "depth_000022.npy",
      "gt_pos": [
        0.3314456962930022,
        -0.03368491420745278,
        0.5625614957740572
      ],
      "gt_pos_source": "gt_fit_icp",
      "gt_pos_rmse": 0.0005702098411850405
    },
    {
      "frame_index": 23,
      "timestamp": 1775077638.1686454,
      "relative_time": 0.3836021423339844,
      "body_pos": [
        0.0,
        0.0,
        0.0
      ],
      "body_rot": [
        [
          0.9748730050674439,
          -0.17727352678775787,
          0.1348952203989029
        ],
        [
          0.17410601675510406,
          0.9841039272032148,
          0.03502224013209343
        ],
        [
          -0.13895942270755768,
          -0.010656170547008514,
          0.9902407410873906
        ]
      ],
      "detection_pos": [
        0.34165533007305926,
        -0.032309449425873556,
        0.5467313159938552
      ],
      "kf_pos": [
        0.3366140435637806,
        -0.032667879780812294,
        0.5463454898409745
      ],
      "kf_vel": [
        0.14746106717982257,
        0.14139921226264426,
        -1.2669764803585082
      ],
      "has_detection": true,
      "kf_state": "update",
      "rgb_file": "rgb_000023.png",
      "rgb_overlay_file": "rgb_overlay_000023.png",
      "depth_file": "depth_000023.npy",
      "gt_pos": [
        0.33832795608808425,
        -0.03043543718457066,
        0.5433086011428706
      ],
      "gt_pos_source": "gt_fit_icp",
      "gt_pos_rmse": 0.0005759603311540848
    },
    {
      "frame_index": 24,
      "timestamp": 1775077638.1865792,
      "relative_time": 0.4015359878540039,
      "body_pos": [
        0.0,
        0.0,
        0.0
      ],
      "body_rot": [
        [
          0.9748740120534597,
          -0.17723818123340607,
          0.1349344104528427
        ],
        [
          0.17406587302684784,
          0.9841100103830952,
          0.03505082428455353
        ],
        [
          -0.13900263607501984,
          -0.010682662017643452,
          0.9902343901529191
        ]
      ],
      "detection_pos": [
        0.34937914602104475,
        -0.030251249737947197,
        0.5210183849189605
      ],
      "kf_pos": [
        0.3414546956901458,
        -0.03028086664699228,
        0.5228685663349723
      ],
      "kf_vel": [
        0.18646768830503016,
        0.14333278165676655,
        -1.4414796520285291
      ],
      "has_detection": true,
      "kf_state": "update",
      "rgb_file": "rgb_000024.png",
      "rgb_overlay_file": "rgb_overlay_000024.png",
      "depth_file": "depth_000024.npy",
      "gt_pos": [
        0.34399021803556906,
        -0.027144030962350508,
        0.5148737799591177
      ],
      "gt_pos_source": "gt_fit_icp",
      "gt_pos_rmse": 0.0005787626270166382
    },
    {
      "frame_index": 25,
      "timestamp": 1775077638.206471,
      "relative_time": 0.42142772674560547,
      "body_pos": [
        0.0,
        0.0,
        0.0
      ],
      "body_rot": [
        [
          0.9748779509582686,
          -0.17722217738628387,
          0.1349269598722458
        ],
        [
          0.1740524023771286,
          0.984113053071901,
          0.0350322499871254
        ],
        [
          -0.13899187743663788,
          -0.010667807422578335,
          0.9902360614379889
        ]
      ],
      "detection_pos": [
        0.3510249501017657,
        -0.02734244639506337,
        0.49058953389028653
      ],
      "kf_pos": [
        0.34619107302303326,
        -0.027745505110967034,
        0.49527294079139683
      ],
      "kf_vel": [
        0.2205861855786665,
        0.14599118133148592,
        -1.6287344704673534
      ],
      "has_detection": true,
      "kf_state": "update",
      "rgb_file": "rgb_000025.png",
      "rgb_overlay_file": "rgb_overlay_000025.png",
      "depth_file": "depth_000025.npy",
      "gt_pos": [
        0.34612698081804716,
        -0.02482471927359216,
        0.4855753690598247
      ],
      "gt_pos_source": "gt_fit_icp",
      "gt_pos_rmse": 0.0005756606475129801
    },
    {
      "frame_index": 26,
      "timestamp": 1775077638.228238,
      "relative_time": 0.4431948661804199,
      "body_pos": [
        0.0,
        0.0,
        0.0
      ],
      "body_rot": [
        [
          0.9748670178642816,
          -0.17725525796413422,
          0.13496249914169312
        ],
        [
          0.1740824431180954,
          0.9841069847193367,
          0.03505354002118111
        ],
        [
          -0.13903096318244934,
          -0.01067794393748045,
          0.9902304661210507
        ]
      ],
      "detection_pos": [
        0.3566961874895601,
        -0.023820899858861662,
        0.4579141723577713
      ],
      "kf_pos": [
        0.35157830566817816,
        -0.0249898943900188,
        0.4639560331206345
      ],
      "kf_vel": [
        0.2559258822535348,
        0.15017356729700537,
        -1.8228559180837884
      ],
      "has_detection": true,
      "kf_state": "update",
      "rgb_file": "rgb_000026.png",
      "rgb_overlay_file": "rgb_overlay_000026.png",
      "depth_file": "depth_000026.npy",
      "gt_pos": [
        0.35193294244818296,
        -0.020940373533132734,
        0.456575769913042
      ],
      "gt_pos_source": "gt_fit_icp",
      "gt_pos_rmse": 0.0005835519982158777
    },
    {
      "frame_index": 27,
      "timestamp": 1775077638.248203,
      "relative_time": 0.46315979957580566,
      "body_pos": [
        0.0,
        0.0,
        0.0
      ],
      "body_rot": [
        [
          0.9748706771254215,
          -0.17723669111728668,
          0.13496045768260956
        ],
        [
          0.1740574687719345,
          0.9841098175845039,
          0.03509793430566788
        ],
        [
          -0.13903655111789703,
          -0.010725075379014015,
          0.9902291712969231
        ]
      ],
      "detection_pos": [
        0.36340232830580743,
        -0.02032834399403954,
        0.42063121468753206
      ],
      "kf_pos": [
        0.35775835420607416,
        -0.022015333429078503,
        0.42854127421092364
      ],
      "kf_vel": [
        0.29302930293180074,
        0.1554698222206593,
        -2.0264842840084976
      ],
      "has_detection": true,
      "kf_state": "update",
      "rgb_file": "rgb_000027.png",
      "rgb_overlay_file": "rgb_overlay_000027.png",
      "depth_file": "depth_000027.npy",
      "gt_pos": [
        0.35994296898063505,
        -0.01982600213004038,
        0.4223419227987778
      ],
      "gt_pos_source": "gt_fit_icp",
      "gt_pos_rmse": 0.0005739368456380627
    },
    {
      "frame_index": 28,
      "timestamp": 1775077638.259153,
      "relative_time": 0.4741096496582031,
      "body_pos": [
        0.0,
        0.0,
        0.0
      ],
      "body_rot": [
        [
          0.9748714842227554,
          -0.17719204723834991,
          0.13501322269439697
        ],
        [
          0.1740187555551529,
          0.9841184187469488,
          0.035048771649599075
        ],
        [
          -0.13907936215400696,
          -0.010673217475414276,
          0.9902237196059869
        ]
      ],
      "detection_pos": [
        0.3824054171386849,
        -0.01799463051069487,
        0.38286788590595416
      ],
      "kf_pos": [
        0.3671204354191603,
        -0.019069020720747832,
        0.38989834680108393
      ],
      "kf_vel": [
        0.348501934357484,
        0.15942978811133596,
        -2.229901484405145
      ],
      "has_detection": true,
      "kf_state": "update",
      "rgb_file": "rgb_000028.png",
      "rgb_overlay_file": "rgb_overlay_000028.png",
      "depth_file": "depth_000028.npy",
      "gt_pos": [
        0.3749649720792249,
        -0.017385736418797443,
        0.384725981131299
      ],
      "gt_pos_source": "gt_fit_icp",
      "gt_pos_rmse": 0.0005786670004057279
    },
    {
      "frame_index": 29,
      "timestamp": 1775077638.2738502,
      "relative_time": 0.48880696296691895,
      "body_pos": [
        0.0,
        0.0,
        0.0
      ],
      "body_rot": [
        [
          0.9748636346977734,
          -0.1772312968969345,
          0.13501839339733124
        ],
        [
          0.17405207455158234,
          0.9841109424065015,
          0.035093214362859726
        ],
        [
          -0.13909269869327545,
          -0.010710869915783405,
          0.990221441441438
        ]
      ],
      "detection_pos": [
        0.38975596864139384,
        -0.014452041621626846,
        0.3405836299331475
      ],
      "kf_pos": [
        0.37679355171651985,
        -0.015996415867522044,
        0.34781882137250075
      ],
      "kf_vel": [
        0.39952644084539723,
        0.16446463366015518,
        -2.433330225457656
      ],
      "has_detection": true,
      "kf_state": "update",
      "rgb_file": "rgb_000029.png",
      "rgb_overlay_file": "rgb_overlay_000029.png",
      "depth_file": "depth_000029.npy",
      "gt_pos": [
        0.38445246570379726,
        -0.013815718258924492,
        0.3412009052425184
      ],
      "gt_pos_source": "gt_fit_icp",
      "gt_pos_rmse": 0.0005745579106992202
    },
    {
      "frame_index": 30,
      "timestamp": 1775077638.286022,
      "relative_time": 0.5009787082672119,
      "body_pos": [
        0.0,
        0.0,
        0.0
      ],
      "body_rot": [
        [
          0.9748602742896927,
          -0.17723573744297028,
          0.13503684103488922
        ],
        [
          0.17405755817890167,
          0.9841102794779467,
          0.03508463501930237
        ],
        [
          -0.13910938799381256,
          -0.010698438622057438,
          0.9902192303546371
        ]
      ],
      "detection_pos": [
        0.4057539369612802,
        -0.011983489588466262,
        0.31621121614087705
      ],
      "kf_pos": [
        0.3881838069881331,
        -0.012983302612195075,
        0.3087904650767938
      ],
      "kf_vel": [
        0.4531494314582898,
        0.16789487556966928,
        -2.5660725387802734
      ],
      "has_detection": true,
      "kf_state": "update",
      "rgb_file": "rgb_000030.png",
      "rgb_overlay_file": "rgb_overlay_000030.png",
      "depth_file": "depth_000030.npy",
      "gt_pos": [
        0.39882830355290905,
        -0.008789552629047232,
        0.30409489690419567
      ],
      "gt_pos_source": "gt_fit_icp",
      "gt_pos_rmse": 0.0005844275948416727
    },
    {
      "frame_index": 31,
      "timestamp": 1775077638.3035612,
      "relative_time": 0.5185179710388184,
      "body_pos": [
        0.0,
        0.0,
        0.0
      ],
      "body_rot": [
        [
          0.9748636304444527,
