{
  "tracker_id": 0,
  "start_timestamp": 1775077641.5683692,
  "frame_count": 36,
  "dt": 0.016666666666666666,
  "ground_z_threshold": -0.22,
  "coord_frame": "body",
  "image_dir": "trajectory_tracker0_20260401_230722_0004",
  "frames": [
    {
      "frame_index": 0,
      "timestamp": 1775077641.5683692,
      "relative_time": 0.0,
      "body_pos": [
        0.0,
        0.0,
        0.0
      ],
      "body_rot": [
        [
          0.9751902985267529,
          -0.17545674741268158,
          0.13497713208198547
        ],
        [
          0.1723366528749466,
          0.9844318262564825,
          0.03455524146556854
        ],
        [
          -0.13893872499465942,
          -0.01043643243610859,
          0.9902459867921268
        ]
      ],
      "detection_pos": [
        0.362025929304834,
        -0.08552684953271004,
        0.34516120193822436
      ],
      "kf_pos": [
        0.362025929304834,
        -0.08552684953271004,
        0.34516120193822436
      ],
      "kf_vel": [
        0.0,
        0.0,
        0.0
      ],
      "has_detection": true,
      "kf_state": "update",
      "rgb_file": "rgb_000000.png",
      "rgb_overlay_file": "rgb_overlay_000000.png",
      "depth_file": "depth_000000.npy",
      "gt_pos": [
        0.35584047296348215,
        -0.08322204584235095,
        0.34641356964409037
      ],
      "gt_pos_source": "gt_fit_icp",
      "gt_pos_rmse": 0.0005770933357921699
    },
    {
      "frame_index": 1,
      "timestamp": 1775077641.5882065,
      "relative_time": 0.019837379455566406,
      "body_pos": [
        0.0,
        0.0,
        0.0
      ],
      "body_rot": [
        [
          0.9751899015794734,
          -0.1754363626241684,
          0.13500648736953735
        ],
        [
          0.1723218411207199,
          0.9844359365938412,
          0.034511979669332504
        ],
        [
          -0.1389598846435547,
          -0.01039117295295,
          0.9902434942783175
        ]
      ],
      "detection_pos": [
        0.3550864265655292,
        -0.08695217678553668,
        0.37682944981938016
      ],
      "kf_pos": [
        0.3550864267770785,
        -0.08695217676043743,
        0.3768294484892686
      ],
      "kf_vel": [
        0.022482651929941023,
        0.001650279476856449,
        -0.16080523590009943
      ],
      "has_detection": true,
      "kf_state": "update",
      "rgb_file": "rgb_000001.png",
      "rgb_overlay_file": "rgb_overlay_000001.png",
      "depth_file": "depth_000001.npy",
      "gt_pos": [
        0.3494637392476078,
        -0.08428815745694616,
        0.37640761659219574
      ],
      "gt_pos_source": "gt_fit_icp",
      "gt_pos_rmse": 0.0005746400196199364
    },
    {
      "frame_index": 2,
      "timestamp": 1775077641.6070518,
      "relative_time": 0.03868269920349121,
      "body_pos": [
        0.0,
        0.0,
        0.0
      ],
      "body_rot": [
        [
          0.975191230750961,
          -0.17548026144504547,
          0.13493983447551727
        ],
        [
          0.17236851155757904,
          0.9844281810705302,
          0.03450016677379608
        ],
        [
          -0.13889266550540924,
          -0.010384890250861645,
          0.9902529907226795
        ]
      ],
      "detection_pos": [
        0.3480168429703664,
        -0.0882916940089693,
        0.4077447562414113
      ],
      "kf_pos": [
        0.3480172487343353,
        -0.08829164939240988,
        0.40774221645503483
      ],
      "kf_vel": [
        -0.4140824466909039,
        -0.07855818106705995,
        1.7751167894727462
      ],
      "has_detection": true,
      "kf_state": "update",
      "rgb_file": "rgb_000002.png",
      "rgb_overlay_file": "rgb_overlay_000002.png",
      "depth_file": "depth_000002.npy",
      "gt_pos": [
        0.3415391887131336,
        -0.08599615505559254,
        0.4062821265027323
      ],
      "gt_pos_source": "gt_fit_icp",
      "gt_pos_rmse": 0.0005814725442586989
    },
    {
      "frame_index": 3,
      "timestamp": 1775077641.6207898,
      "relative_time": 0.052420616149902344,
      "body_pos": [
        0.0,
        0.0,
        0.0
      ],
      "body_rot": [
        [
          0.9751932320336628,
          -0.17547808587551117,
          0.1349281668663025
        ],
        [
          0.17237190902233124,
          0.9844289489566109,
          0.03446117043495178
        ],
        [
          -0.1388743817806244,
          -0.010348477400839329,
          0.9902559372403718
        ]
      ],
      "detection_pos": [
        0.33570607698532484,
        -0.08888789082401198,
        0.4355691895851855
      ],
      "kf_pos": [
        0.3366405148619521,
        -0.08900188818063262,
        0.4356368739269042
      ],
      "kf_vel": [
        -0.5595704730116032,
        -0.05627782931965594,
        1.6010452978382614
      ],
      "has_detection": true,
      "kf_state": "update",
      "rgb_file": "rgb_000003.png",
      "rgb_overlay_file": "rgb_overlay_000003.png",
      "depth_file": "depth_000003.npy",
      "gt_pos": [
        0.3321044640144158,
        -0.08665624443451059,
        0.4313708220874978
      ],
      "gt_pos_source": "gt_fit_icp",
      "gt_pos_rmse": 0.0005892101752000496
    },
    {
      "frame_index": 4,
      "timestamp": 1775077641.6369607,
      "relative_time": 0.06859159469604492,
      "body_pos": [
        0.0,
        0.0,
        0.0
      ],
      "body_rot": [
        [
          0.9751972909271298,
          -0.17544671893119812,
          0.13493964076042175
        ],
        [
          0.17234408855438232,
          0.9844348113800337,
          0.03443286195397377
        ],
        [
          -0.1388804018497467,
          -0.010322787798941135,
          0.9902553593431388
        ]
      ],
      "detection_pos": [
        0.32853465378132135,
        -0.08946172436070406,
        0.45705030179906236
      ],
      "kf_pos": [
        0.3282254861128136,
        -0.08959399992490757,
        0.4582263697497664
      ],
      "kf_vel": [
        -0.5182559360507848,
        -0.04661040436992098,
        1.3681578424791498
      ],
      "has_detection": true,
      "kf_state": "update",
      "rgb_file": "rgb_000004.png",
      "rgb_overlay_file": "rgb_overlay_000004.png",
      "depth_file": "depth_000004.npy",
      "gt_pos": [
        0.32580935131403516,
        -0.08845278874342061,
        0.45462353892450685
      ],
      "gt_pos_source": "gt_fit_icp",
      "gt_pos_rmse": 0.0005831118592926248
    },
    {
      "frame_index": 5,
      "timestamp": 1775077641.6569264,
      "relative_time": 0.08855724334716797,
      "body_pos": [
        0.0,
        0.0,
        0.0
      ],
      "body_rot": [
        [
          0.9752075651312271,
          -0.17542894184589386,
          0.13488849997520447
        ],
        [
          0.1723235696554184,
          0.9844376261265829,
          0.034455109387636185
        ],
        [
          -0.13883373141288757,
          -0.010356422513723373,
          0.9902615541107688
        ]
      ],
      "detection_pos": [
        0.31729990498859,
        -0.08991134460832662,
        0.47991352575209406
      ],
      "kf_pos": [
        0.3182999224713471,
        -0.09009245452392337,
        0.4798136788748797
      ],
      "kf_vel": [
        -0.5255874161030138,
        -0.03952393134110743,
        1.2093763479879356
      ],
      "has_detection": true,
      "kf_state": "update",
      "rgb_file": "rgb_000005.png",
      "rgb_overlay_file": "rgb_overlay_000005.png",
      "depth_file": "depth_000005.npy",
      "gt_pos": [
        0.31695888723918314,
        -0.08800976206836089,
        0.47399169388324947
      ],
      "gt_pos_source": "gt_fit_icp",
      "gt_pos_rmse": 0.0005771138458265025
    },
    {
      "frame_index": 6,
      "timestamp": 1775077641.67147,
      "relative_time": 0.10310077667236328,
      "body_pos": [
        0.0,
        0.0,
        0.0
      ],
      "body_rot": [
        [
          0.9751909679427259,
          -0.1755075603723526,
          0.13490620255470276
        ],
        [
          0.17240388691425323,
          0.9844238463583922,
          0.03444705903530121
        ],
        [
          -0.138850599527359,
          -0.010334114544093609,
          0.9902594211079359
        ]
      ],
      "detection_pos": [
        0.3213356445723449,
        -0.09274242090874861,
        0.50050040124297
      ],
      "kf_pos": [
        0.31580745641253877,
        -0.09179805089116973,
        0.49960987740061297
      ],
      "kf_vel": [
        -0.4027919548066173,
        -0.05488295196326157,
        1.0636619799821834
      ],
      "has_detection": true,
      "kf_state": "update",
      "rgb_file": "rgb_000006.png",
      "rgb_overlay_file": "rgb_overlay_000006.png",
      "depth_file": "depth_000006.npy",
      "gt_pos": [
        0.31555991385867566,
        -0.09043792211171241,
        0.4947350819541005
      ],
      "gt_pos_source": "gt_fit_icp",
      "gt_pos_rmse": 0.0005810947910477459
    },
    {
      "frame_index": 7,
      "timestamp": 1775077641.6863778,
      "relative_time": 0.11800861358642578,
      "body_pos": [
        0.0,
        0.0,
        0.0
      ],
      "body_rot": [
        [
          0.9751925260133246,
          -0.17550314962863922,
          0.13490068912506104
        ],
        [
          0.1723911315202713,
          0.9844239936840636,
          0.03450658172369003
        ],
        [
          -0.1388554871082306,
          -0.010394883342087269,
          0.9902581006750188
        ]
      ],
      "detection_pos": [
        0.3130612881230199,
        -0.09374294596886394,
        0.5191786809348042
      ],
      "kf_pos": [
        0.3110385743007244,
        -0.09319904238003883,
        0.5174842764375676
      ],
      "kf_vel": [
        -0.35567307111357477,
        -0.059869966222116426,
        0.9233977793395113
      ],
      "has_detection": true,
      "kf_state": "update",
      "rgb_file": "rgb_000007.png",
      "rgb_overlay_file": "rgb_overlay_000007.png",
      "depth_file": "depth_000007.npy",
      "gt_pos": [
        0.3110136055030049,
        -0.09206633337426724,
        0.5138906596116083
      ],
      "gt_pos_source": "gt_fit_icp",
      "gt_pos_rmse": 0.0005742872845567578
    },
    {
      "frame_index": 8,
      "timestamp": 1775077641.7061148,
      "relative_time": 0.13774561882019043,
      "body_pos": [
        0.0,
        0.0,
        0.0
      ],
      "body_rot": [
        [
          0.9751754547183391,
          -0.17558270692825317,
          0.13492055237293243
        ],
        [
          0.17246931791305542,
          0.9844098199387599,
          0.03452020138502121
        ],
        [
          -0.13887827098369598,
          -0.010393600910902023,
          0.9902549181045806
        ]
      ],
      "detection_pos": [
        0.30969579483202725,
        -0.09587274894555606,
        0.5336944250016022
      ],
      "kf_pos": [
        0.3071259185781159,
        -0.09490724276801599,
        0.5324493318913688
      ],
      "kf_vel": [
        -0.31060287803991876,
        -0.06661655582731062,
        0.7732384331183216
      ],
      "has_detection": true,
      "kf_state": "update",
      "rgb_file": "rgb_000008.png",
      "rgb_overlay_file": "rgb_overlay_000008.png",
      "depth_file": "depth_000008.npy",
      "gt_pos": [
        0.3071886944145399,
        -0.0935608268047572,
        0.529004167399833
      ],
      "gt_pos_source": "gt_fit_icp",
      "gt_pos_rmse": 0.0005751959908002653
    },
    {
      "frame_index": 9,
      "timestamp": 1775077641.72247,
      "relative_time": 0.15410089492797852,
      "body_pos": [
        0.0,
        0.0,
        0.0
      ],
      "body_rot": [
        [
          0.9751779406204955,
          -0.17557887732982635,
          0.1349075436592102
        ],
        [
          0.17246605455875397,
          0.9844105036919827,
          0.0345170684158802
        ],
        [
          -0.13886487483978271,
          -0.010393314994871616,
          0.9902567986295255
        ]
      ],
      "detection_pos": [
        0.3041873862679978,
        -0.0970500084763834,
        0.5447522938003502
      ],
      "kf_pos": [
        0.30292183038417614,
        -0.09640063753882394,
        0.5442823902507301
      ],
      "kf_vel": [
        -0.27950795438998294,
        -0.06924633909439823,
        0.6148140631031467
      ],
      "has_detection": true,
      "kf_state": "update",
      "rgb_file": "rgb_000009.png",
      "rgb_overlay_file": "rgb_overlay_000009.png",
      "depth_file": "depth_000009.npy",
      "gt_pos": [
        0.3020283908196527,
        -0.09404744684037042,
        0.5405417573185032
      ],
      "gt_pos_source": "gt_fit_icp",
      "gt_pos_rmse": 0.0005765794001127027
    },
    {
      "frame_index": 10,
      "timestamp": 1775077641.7406204,
      "relative_time": 0.17225122451782227,
      "body_pos": [
        0.0,
        0.0,
        0.0
      ],
      "body_rot": [
        [
          0.9751847679257883,
          -0.17556928098201752,
          0.13487069308757782
        ],
        [
          0.1724614053964615,
          0.9844124809938526,
          0.03448383882641792
        ],
        [
          -0.13882268965244293,
          -0.010368130169808865,
          0.9902629780872223
        ]
      ],
      "detection_pos": [
        0.30045530564376133,
        -0.0986569432349865,
        0.5545496067307555
      ],
      "kf_pos": [
        0.29916509936838254,
        -0.09792018619459185,
        0.553672867195526
      ],
      "kf_vel": [
        -0.25010822858920984,
        -0.07143741311441781,
        0.4585288097851803
      ],
      "has_detection": true,
      "kf_state": "update",
      "rgb_file": "rgb_000010.png",
      "rgb_overlay_file": "rgb_overlay_000010.png",
      "depth_file": "depth_000010.npy",
      "gt_pos": [
        0.2994902206740358,
        -0.09611770159773994,
        0.5504085821851078
      ],
      "gt_pos_source": "gt_fit_icp",
      "gt_pos_rmse": 0.0005729789544138199
    },
    {
      "frame_index": 11,
      "timestamp": 1775077641.7566578,
      "relative_time": 0.18828868865966797,
      "body_pos": [
        0.0,
        0.0,
        0.0
      ],
      "body_rot": [
        [
          0.9751786975062026,
          -0.17558452486991882,
          0.13489475846290588
        ],
        [
          0.17247959971427917,
          0.984410059708446,
          0.03446197882294655
        ],
        [
          -0.13884273171424866,
          -0.01033999864012003,
          0.9902604622833028
        ]
      ],
      "detection_pos": [
        0.2984161613427264,
        -0.10050625570074712,
        0.5609695234365448
      ],
      "kf_pos": [
        0.2962206851745524,
        -0.0995472389397976,
        0.5603105649363028
      ],
      "kf_vel": [
        -0.21798569529187825,
        -0.07389245214217116,
        0.30006034070624543
      ],
      "has_detection": true,
      "kf_state": "update",
      "rgb_file": "rgb_000011.png",
      "rgb_overlay_file": "rgb_overlay_000011.png",
      "depth_file": "depth_000011.npy",
      "gt_pos": [
        0.2965740964986299,
        -0.09684408614991641,
        0.5570959915506807
      ],
      "gt_pos_source": "gt_fit_icp",
      "gt_pos_rmse": 0.0005708902629654095
    },
    {
      "frame_index": 12,
      "timestamp": 1775077641.7704237,
      "relative_time": 0.20205450057983398,
      "body_pos": [
        0.0,
        0.0,
        0.0
      ],
      "body_rot": [
        [
          0.9751782985361895,
          -0.1756097823381424,
          0.13486476242542267
        ],
        [
          0.1725093275308609,
          0.9844058291243221,
          0.0344339981675148
        ],
        [
          -0.13880859315395355,
          -0.010313866659998894,
          0.9902655206667007
        ]
      ],
      "detection_pos": [
        0.29321528079531883,
        -0.10141459140543456,
        0.5685155668674361
      ],
      "kf_pos": [
        0.2929001858788877,
        -0.10095989130181035,
        0.5654821311604583
      ],
      "kf_vel": [
        -0.194906183508287,
        -0.07391678483687979,
        0.1548272930070787
      ],
      "has_detection": true,
      "kf_state": "update",
      "rgb_file": "rgb_000012.png",
      "rgb_overlay_file": "rgb_overlay_000012.png",
      "depth_file": "depth_000012.npy",
      "gt_pos": [
        0.2932702670434287,
        -0.09819361177128046,
        0.55978291926085
      ],
      "gt_pos_source": "gt_fit_icp",
      "gt_pos_rmse": 0.0005718643701614394
    },
    {
      "frame_index": 13,
      "timestamp": 1775077641.7867475,
      "relative_time": 0.21837830543518066,
      "body_pos": [
        0.0,
        0.0,
        0.0
      ],
      "body_rot": [
        [
          0.975182008905436,
          -0.1755983978509903,
          0.13485275208950043
        ],
        [
          0.17249946296215057,
          0.9844079304957555,
          0.034423355013132095
        ],
        [
          -0.13879479467868805,
          -0.010307016782462597,
          0.9902675269951773
        ]
      ],
      "detection_pos": [
        0.29213508389321413,
        -0.10311840412403943,
        0.5699733961499015
      ],
      "kf_pos": [
        0.2904831481862169,
        -0.1024411354324607,
        0.5677598569312337
      ],
      "kf_vel": [
        -0.16753779120441809,
        -0.07442825713652142,
        0.0040875948564894835
      ],
      "has_detection": true,
      "kf_state": "update",
      "rgb_file": "rgb_000013.png",
      "rgb_overlay_file": "rgb_overlay_000013.png",
      "depth_file": "depth_000013.npy",
      "gt_pos": [
        0.29238448623415664,
        -0.09964080744720792,
        0.5615331378657274
      ],
      "gt_pos_source": "gt_fit_icp",
      "gt_pos_rmse": 0.0005758636395683419
    },
    {
      "frame_index": 14,
      "timestamp": 1775077641.8035154,
      "relative_time": 0.23514628410339355,
      "body_pos": [
        0.0,
        0.0,
        0.0
      ],
      "body_rot": [
        [
          0.9751857797436995,
          -0.17558687925338745,
          0.13484042882919312
        ],
        [
          0.17249327898025513,
          0.984410333854779,
          0.03438551723957062
        ],
        [
          -0.13877594470977783,
          -0.010273200459778309,
          0.9902705171468815
        ]
      ],
      "detection_pos": [
        0.2927902912756591,
        -0.10521125160013028,
        0.5693265363831057
      ],
      "kf_pos": [
        0.2891976936343165,
        -0.10406904442516297,
        0.5673528327536037
      ],
      "kf_vel": [
        -0.13517877217018795,
        -0.07600925893227586,
        -0.148863307105065
      ],
      "has_detection": true,
      "kf_state": "update",
      "rgb_file": "rgb_000014.png",
      "rgb_overlay_file": "rgb_overlay_000014.png",
      "depth_file": "depth_000014.npy",
      "gt_pos": [
        0.2919695378885527,
        -0.10113482546735467,
        0.5627739221455603
      ],
      "gt_pos_source": "gt_fit_icp",
      "gt_pos_rmse": 0.0005812945075576475
    },
    {
      "frame_index": 15,
      "timestamp": 1775077641.8234918,
      "relative_time": 0.25512266159057617,
      "body_pos": [
        0.0,
        0.0,
        0.0
      ],
      "body_rot": [
        [
          0.9751756066956518,
          -0.175639808177948,
          0.1348450779914856
        ],
        [
          0.17254158854484558,
          0.9844006063481168,
          0.034421540796756744
        ],
        [
          -0.13878735899925232,
          -0.010300664231181145,
          0.9902686321155649
        ]
      ],
      "detection_pos": [
        0.2933234341327964,
        -0.10822616125002027,
        0.5685912962552132
      ],
      "kf_pos": [
        0.288684299132751,
        -0.10609690350007929,
        0.5650692117549692
      ],
      "kf_vel": [
        -0.10161311480003941,
        -0.0798379407860583,
        -0.2946301545743848
      ],
      "has_detection": true,
      "kf_state": "update",
      "rgb_file": "rgb_000015.png",
      "rgb_overlay_file": "rgb_overlay_000015.png",
      "depth_file": "depth_000015.npy",
      "gt_pos": [
        0.2926472839522263,
        -0.1039487183692522,
        0.5602915256705708
      ],
      "gt_pos_source": "gt_fit_icp",
      "gt_pos_rmse": 0.0005755966432001957
    },
    {
      "frame_index": 16,
      "timestamp": 1775077641.8387396,
      "relative_time": 0.2703704833984375,
      "body_pos": [
        0.0,
        0.0,
        0.0
      ],
      "body_rot": [
        [
          0.9751711698171088,
          -0.17563477158546448,
          0.13488371670246124
        ],
        [
          0.1725417971611023,
          0.9844019914251314,
          0.034380875527858734
        ],
        [
          -0.13881827890872955,
          -0.010254156775772572,
          0.9902647814842083
        ]
      ],
      "detection_pos": [
        0.29673595856969814,
        -0.11150619775800723,
        0.5598528127828957
      ],
      "kf_pos": [
        0.2895307129571948,
        -0.10840536605842506,
        0.5590602976158959
      ],
      "kf_vel": [
        -0.061803253821655975,
        -0.08550151568431257,
        -0.45515002524246573
      ],
      "has_detection": true,
      "kf_state": "update",
      "rgb_file": "rgb_000016.png",
      "rgb_overlay_file": "rgb_overlay_000016.png",
      "depth_file": "depth_000016.npy",
      "gt_pos": [
        0.29350987639206155,
        -0.10615374092638709,
        0.5535537373566997
      ],
      "gt_pos_source": "gt_fit_icp",
      "gt_pos_rmse": 0.0005817482330124969
    },
    {
      "frame_index": 17,
      "timestamp": 1775077641.8570983,
      "relative_time": 0.288729190826416,
      "body_pos": [
        0.0,
        0.0,
        0.0
      ],
      "body_rot": [
        [
          0.9751663897710496,
          -0.17566312849521637,
          0.13488136231899261
        ],
        [
          0.1725684255361557,
          0.9843968216747329,
          0.034395307302474976
        ],
        [
          -0.13881878554821014,
          -0.010264883749186993,
          0.9902646010982749
        ]
      ],
      "detection_pos": [
        0.29851823357284224,
        -0.11227635422490069,
        0.5511177288020036
      ],
      "kf_pos": [
        0.2910374389742511,
        -0.11041549397504505,
        0.5503352067287313
      ],
      "kf_vel": [
        -0.022409425879750866,
        -0.08793811250576997,
        -0.616001610563838
      ],
      "has_detection": true,
      "kf_state": "update",
      "rgb_file": "rgb_000017.png",
      "rgb_overlay_file": "rgb_overlay_000017.png",
      "depth_file": "depth_000017.npy",
      "gt_pos": [
        0.29221423738062813,
        -0.11126288359961094,
        0.5440761652625288
      ],
      "gt_pos_source": "gt_fit_icp",
      "gt_pos_rmse": 0.0005806896686743966
    },
    {
      "frame_index": 18,
      "timestamp": 1775077641.8793821,
      "relative_time": 0.31101298332214355,
      "body_pos": [
        0.0,
        0.0,
        0.0
      ],
      "body_rot": [
        [
          0.9751556055583496,
          -0.17572136223316193,
          0.13488346338272095
        ],
        [
          0.17262108623981476,
          0.9843860622979427,
          0.034438952803611755
        ],
        [
          -0.1388290524482727,
          -0.010299609042704105,
          0.9902627994895548
        ]
      ],
      "detection_pos": [
        0.29957413387452364,
        -0.1143558790622864,
        0.5387357629726026
      ],
      "kf_pos": [
        0.2928797286810849,
        -0.11247298747289007,
        0.5386296733530497
      ],
      "kf_vel": [
        0.014760472436990343,
        -0.09018102179623336,
        -0.7800080043637848
      ],
      "has_detection": true,
      "kf_state": "update",
      "rgb_file": "rgb_000018.png",
      "rgb_overlay_file": "rgb_overlay_000018.png",
      "depth_file": "depth_000018.npy",
      "gt_pos": [
        0.29498270493334794,
        -0.11168028397108658,
        0.5310987476483504
      ],
      "gt_pos_source": "gt_fit_icp",
      "gt_pos_rmse": 0.0005807388128373894
    },
    {
      "frame_index": 19,
      "timestamp": 1775077641.8931751,
      "relative_time": 0.32480597496032715,
      "body_pos": [
        0.0,
        0.0,
        0.0
      ],
      "body_rot": [
        [
          0.9751510888746363,
          -0.1757277101278305,
          0.13490784168243408
        ],
        [
          0.17262636125087738,
          0.9843849189894831,
          0.034445203840732574
        ],
        [
          -0.1388542354106903,
          -0.01030062697827816,
          0.9902592603097219
        ]
      ],
      "detection_pos": [
        0.30143101521356586,
        -0.11654593970331063,
        0.5248305248229073
      ],
      "kf_pos": [
        0.29514829878146115,
        -0.11454871657619711,
        0.5243631386031289
      ],
      "kf_vel": [
        0.0504315188544016,
        -0.09254862512530951,
        -0.9421149200416478
      ],
      "has_detection": true,
      "kf_state": "update",
      "rgb_file": "rgb_000019.png",
      "rgb_overlay_file": "rgb_overlay_000019.png",
      "depth_file": "depth_000019.npy",
      "gt_pos": [
        0.2982885540683893,
        -0.11185982130344645,
        0.5183556077041586
      ],
      "gt_pos_source": "gt_fit_icp",
      "gt_pos_rmse": 0.0005739844654322445
    },
    {
      "frame_index": 20,
      "timestamp": 1775077641.9114292,
      "relative_time": 0.3430600166320801,
      "body_pos": [
        0.0,
        0.0,
        0.0
      ],
      "body_rot": [
        [
          0.9751456252329005,
          -0.17574498057365417,
          0.13492485880851746
        ],
        [
          0.1726481020450592,
          0.9843822282493946,
          0.03441309183835983
        ],
        [
          -0.13886556029319763,
          -0.01026325672864914,
          0.9902580591536285
        ]
      ],
      "detection_pos": [
        0.3051327875218459,
        -0.11771418715913752,
        0.5036528592097568
      ],
      "kf_pos": [
        0.29822011979735585,
        -0.11642779473433909,
        0.5060774247675188
      ],
      "kf_vel": [
        0.08824668011870378,
        -0.09334651700095264,
        -1.118916641438573
      ],
      "has_detection": true,
      "kf_state": "update",
      "rgb_file": "rgb_000020.png",
      "rgb_overlay_file": "rgb_overlay_000020.png",
      "depth_file": "depth_000020.npy",
      "gt_pos": [
        0.29912675689214735,
        -0.11253019959750092,
        0.4972144151566852
      ],
      "gt_pos_source": "gt_fit_icp",
      "gt_pos_rmse": 0.0005767482410631875
    },
    {
      "frame_index": 21,
      "timestamp": 1775077641.9303691,
      "relative_time": 0.3619999885559082,
      "body_pos": [
        0.0,
        0.0,
        0.0
      ],
      "body_rot": [
        [
          0.9751504233339965,
          -0.17574957013130188,
          0.13488419353961945
        ],
        [
          0.17265021800994873,
          0.9843811224326195,
          0.034434087574481964
        ],
        [
          -0.13882921636104584,
          -0.010290628299117088,
          0.9902628694605049
        ]
      ],
      "detection_pos": [
        0.3042170825720324,
        -0.11786056660344583,
        0.48086199023642806
      ],
      "kf_pos": [
        0.30091609640216777,
        -0.11795102891189028,
        0.4844017577993433
      ],
      "kf_vel": [
        0.11900992433021756,
        -0.0913315131806759,
        -1.2998176438912545
      ],
      "has_detection": true,
      "kf_state": "update",
      "rgb_file": "rgb_000021.png",
      "rgb_overlay_file": "rgb_overlay_000021.png",
      "depth_file": "depth_000021.npy",
      "gt_pos": [
        0.30122288839627276,
        -0.11180045508173038,
        0.4752465796861684
      ],
      "gt_pos_source": "gt_fit_icp",
      "gt_pos_rmse": 0.000569215115803671
    },
    {
      "frame_index": 22,
      "timestamp": 1775077641.9539359,
      "relative_time": 0.38556671142578125,
      "body_pos": [
        0.0,
        0.0,
        0.0
      ],
      "body_rot": [
        [
          0.9751552090794274,
          -0.17572873830795288,
          0.13487672805786133
        ],
        [
          0.1726365089416504,
          0.9843853300472772,
          0.034382544457912445
        ],
        [
          -0.13881266117095947,
          -0.010243671014904976,
          0.9902656773807212
        ]
      ],
      "detection_pos": [
        0.31334987321565044,
        -0.1209633272578354,
        0.43215496600336506
      ],
      "kf_pos": [
        0.30571323276774626,
        -0.11973341529675181,
        0.4522208597346728
      ],
      "kf_vel": [
        0.16534506643392863,
        -0.0914069206746422,
        -1.5646219771057253
      ],
      "has_detection": true,
      "kf_state": "update",
      "rgb_file": "rgb_000022.png",
      "rgb_overlay_file": "rgb_overlay_000022.png",
      "depth_file": "depth_000022.npy",
      "gt_pos": [
        0.3109627175717521,
        -0.11623049418230316,
        0.42670014210915413
      ],
      "gt_pos_source": "gt_fit_icp",
      "gt_pos_rmse": 0.0005918663926301176
    },
    {
      "frame_index": 23,
      "timestamp": 1775077641.9689627,
      "relative_time": 0.40059351921081543,
      "body_pos": [
        0.0,
        0.0,
        0.0
      ],
      "body_rot": [
        [
          0.9751507630670834,
          -0.17575131356716156,
          0.1348794549703598
        ],
        [
          0.1726611703634262,
          0.9843814786921915,
          0.03436899185180664
        ],
        [
          -0.13881324231624603,
          -0.010226508602499962,
          0.9902657754360824
        ]
      ],
      "detection_pos": [
        0.322982528096738,
        -0.12376130075599887,
        0.3964798584745759
      ],
      "kf_pos": [
        0.3121265493364601,
        -0.12175405212018058,
        0.4158565823469774
      ],
      "kf_vel": [
        0.2176165318889583,
        -0.09290723354202854,
        -1.8273596061232065
      ],
      "has_detection": true,
      "kf_state": "update",
      "rgb_file": "rgb_000023.png",
      "rgb_overlay_file": "rgb_overlay_000023.png",
      "depth_file": "depth_000023.npy",
      "gt_pos": [
        0.3152371995587689,
        -0.11751674544467104,
        0.3962187599045821
      ],
      "gt_pos_source": "gt_fit_icp",
      "gt_pos_rmse": 0.0005768130455292333
    },
    {
      "frame_index": 24,
      "timestamp": 1775077641.9874756,
      "relative_time": 0.41910648345947266,
      "body_pos": [
        0.0,
        0.0,
        0.0
      ],
      "body_rot": [
        [
          0.9751616390523121,
          -0.17570513486862183,
          0.13486097753047943
        ],
        [
          0.1726188063621521,
          0.9843899191751685,
          0.03434005379676819
        ],
        [
          -0.13878951966762543,
          -0.010207561776041985,
          0.9902692946239403
        ]
      ],
      "detection_pos": [
        0.326888278677186,
        -0.12426594814487196,
        0.36153080643425717
      ],
      "kf_pos": [
        0.31860713027405957,
        -0.12345412170672121,
        0.3769425614931893
      ],
      "kf_vel": [
        0.2630375005209851,
        -0.09228091628483547,
        -2.0693289253524747
      ],
      "has_detection": true,
      "kf_state": "update",
      "rgb_file": "rgb_000024.png",
      "rgb_overlay_file": "rgb_overlay_000024.png",
      "depth_file": "depth_000024.npy",
      "gt_pos": [
        0.31999595733699937,
        -0.11795555072149816,
        0.36301077973395357
      ],
      "gt_pos_source": "gt_fit_icp",
      "gt_pos_rmse": 0.0005722968285886391
    },
    {
      "frame_index": 25,
      "timestamp": 1775077642.0033336,
      "relative_time": 0.4349644184112549,
      "body_pos": [
        0.0,
        0.0,
        0.0
      ],
      "body_rot": [
        [
          0.975166806853664,
          -0.17568430304527283,
          0.13485074043273926
        ],
        [
          0.17259952425956726,
          0.9843937071804493,
          0.034328341484069824
        ],
        [
          -0.13877716660499573,
          -0.01020068395882845,
          0.9902710949305671
        ]
      ],
      "detection_pos": [
        0.32986212897235734,
        -0.12448489894480896,
        0.33623388996853754
      ],
      "kf_pos": [
        0.3246796068626172,
        -0.12486022139938976,
        0.33950628663104
      ],
      "kf_vel": [
        0.2971777550617312,
        -0.08979520703515532,
        -2.2497317334530207
      ],
      "has_detection": true,
      "kf_state": "update",
      "rgb_file": "rgb_000025.png",
      "rgb_overlay_file": "rgb_overlay_000025.png",
      "depth_file": "depth_000025.npy",
      "gt_pos": [
        0.32677434472684913,
        -0.12105303999876493,
        0.3282348502896457
      ],
      "gt_pos_source": "gt_fit_icp",
      "gt_pos_rmse": 0.0005744638099504814
    },
    {
      "frame_index": 26,
      "timestamp": 1775077642.0192907,
      "relative_time": 0.45092153549194336,
      "body_pos": [
        0.0,
        0.0,
        0.0
      ],
      "body_rot": [
        [
          0.9751602902880658,
          -0.17571690678596497,
          0.13485538959503174
        ],
        [
          0.17263290286064148,
          0.9843879824300975,
          0.034324657171964645
        ],
        [
          -0.13878145813941956,
          -0.010191566310822964,
          0.9902705901167906
        ]
      ],
      "detection_pos": [
        0.3521686155080942,
        -0.12481079325713353,
        0.3145290790431494
      ],
      "kf_pos": [
        0.33438744931012887,
        -0.12603810315262173,
        0.30463887245799764
      ],
      "kf_vel": [
        0.35005984542362906,
        -0.08607958266809075,
        -2.3702948298582425
      ],
      "has_detection": true,
      "kf_state": "update",
      "rgb_file": "rgb_000026.png",
      "rgb_overlay_file": "rgb_overlay_000026.png",
      "depth_file": "depth_000026.npy",
      "gt_pos": [
        0.33867529013968706,
        -0.12513991366566382,
        0.2907496539429168
      ],
      "gt_pos_source": "gt_fit_icp",
      "gt_pos_rmse": 0.0005439991160871546
    },
    {
      "frame_index": 27,
      "timestamp": 1775077642.0353642,
      "relative_time": 0.4669950008392334,
      "body_pos": [
        0.0,
        0.0,
        0.0
      ],
      "body_rot": [
        [
          0.9751523784700219,
          -0.17575256526470184,
          0.1348661482334137
        ],
        [
          0.17266295850276947,
          0.9843812626390719,
          0.03436614200472832
        ],
        [
          -0.13879963755607605,
          -0.010225838981568813,
          0.9902676868027374
        ]
      ],
      "detection_pos": null,
      "kf_pos": [
        0.3404021385613953,
        -0.12747977162110077,
        0.2637858934560355
      ],
      "kf_vel": [
        0.3727936574583797,
        -0.08432618081119994,
        -2.5322006304424693
      ],
      "has_detection": false,
      "kf_state": "predict",
      "rgb_file": "rgb_000027.png",
      "rgb_overlay_file": "rgb_overlay_000027.png",
      "depth_file": "depth_000027.npy"
    },
    {
      "frame_index": 28,
      "timestamp": 1775077642.052602,
      "relative_time": 0.48423290252685547,
      "body_pos": [
        0.0,
        0.0,
        0.0
      ],
      "body_rot": [
        [
          0.9751538242775742,
          -0.175737202167511,
          0.13487572968006134
        ],
        [
          0.17264783382415771,
          0.9843840385479736,
          0.03436269238591194
        ],
        [
          -0.13880832493305206,
          -0.010222909040749073,
          0.9902665012097812
        ]
      ],
      "detection_pos": null,
      "kf_pos": [
        0.3468044559876069,
        -0.1288649384791213,
        0.22023705369997407
      ],
      "kf_vel": [
        0.3955126960916995,
        -0.08266195854314037,
        -2.6941054526162804
      ],
      "has_detection": false,
      "kf_state": "predict",
      "rgb_file": "rgb_000028.png",
      "rgb_overlay_file": "rgb_overlay_000028.png",
      "depth_file": "depth_000028.npy"
    },
    {
      "frame_index": 29,
      "timestamp": 1775077642.0698597,
      "relative_time": 0.501490592956543,
      "body_pos": [
        0.0,
        0.0,
        0.0
      ],
      "body_rot": [
        [
          0.9751573290416505,
          -0.17572113871574402,
          0.13487127423286438
        ],
        [
          0.17263710498809814,
          0.984387267855841,
          0.03432397544384003
        ],
        [
          -0.13879701495170593,
          -0.010187486186623573,
          0.9902684500791049
        ]
      ],
      "detection_pos": null,
      "kf_pos": [
        0.3535888963687763,
        -0.13021821167203063,
        0.1739869263477968
      ],
      "kf_vel": [
        0.4181764857424712,
        -0.08109247274996004,
        -2.8560157220928297
      ],
      "has_detection": false,
      "kf_state": "predict",
      "rgb_file": "rgb_000029.png",
      "rgb_overlay_file": "rgb_overlay_000029.png",
      "depth_file": "depth_000029.npy"
    },
    {
      "frame_index": 30,
      "timestamp": 1775077642.0854573,
      "relative_time": 0.5170881748199463,
      "body_pos": [
        0.0,
        0.0,
        0.0
      ],
      "body_rot": [
        [
          0.9751596188040048,
          -0.17571136355400085,
          0.13486748933792114
        ],
        [
          0.1726268231868744,
          0.9843889612529813,
          0.03432721272110939
        ],
        [
          -0.1387937366962433,
          -0.010192767716944218,
          0.9902688550281882
        ]
      ],
      "detection_pos": null,
      "kf_pos": [
        0.3607494056663494,
        -0.13155254601017943,
        0.1250357674338014
      ],
      "kf_vel": [
        0.4408609732622623,
        -0.07941053448454695,
        -3.0179263298541663
      ],
      "has_detection": false,
      "kf_state": "predict",
      "rgb_file": "rgb_000030.png",
      "rgb_overlay_file": "rgb_overlay_000030.png",
      "depth_file": "depth_000030.npy"
    },
    {
      "frame_index": 31,
      "timestamp": 1775077642.1021411,
      "relative_time": 0.5337719917297363,
      "body_pos": [
        0.0,
        0.0,
        0.0
      ],
      "body_rot": [
        [
          0.9751642989878059,
          -0.17570148408412933,
          0.1348465085029602
        ],
        [
          0.17262636125087738,
          0.9843913536645597,
          0.03426079824566841
        ],
        [
          -0.13876140117645264,
          -0.01013184618204832,
          0.9902740106243014
        ]
      ],
      "detection_pos": null,
      "kf_pos": [
        0.3682888021906942,
        -0.13285704969399667,
        0.07338393613912363
      ],
      "kf_vel": [
        0.4634500946085311,
        -0.07793961240401101,
        -3.1798456050999384
      ],
      "has_detection": false,
      "kf_state": "predict",
      "rgb_file": "rgb_000031.png",
      "rgb_overlay_file": "rgb_overlay_000031.png",
      "depth_file": "depth_000031.npy"
    },
    {
      "frame_index": 32,
      "timestamp": 1775077642.1183598,
      "relative_time": 0.5499906539916992,
      "body_pos": [
        0.0,
        0.0,
        0.0
      ],
      "body_rot": [
        [
          0.975159207331975,
          -0.17571863532066345,
          0.13486099243164062
        ],
        [
          0.1726415753364563,
