{
  "tracker_id": 0,
  "start_timestamp": 1775077639.101675,
  "frame_count": 38,
  "dt": 0.016666666666666666,
  "ground_z_threshold": -0.22,
  "coord_frame": "body",
  "image_dir": "trajectory_tracker0_20260401_230719_0002",
  "frames": [
    {
      "frame_index": 0,
      "timestamp": 1775077639.101675,
      "relative_time": 0.0,
      "body_pos": [
        0.0,
        0.0,
        0.0
      ],
      "body_rot": [
        [
          0.9749887720094683,
          -0.17632029950618744,
          0.13530726730823517
        ],
        [
          0.17313005030155182,
          0.9842737726431275,
          0.03508756309747696
        ],
        [
          -0.1393660455942154,
          -0.010784233920276165,
          0.9901822101854595
        ]
      ],
      "detection_pos": [
        0.3668392932166068,
        -0.03190936074811772,
        0.35088197043274877
      ],
      "kf_pos": [
        0.3668392932166068,
        -0.03190936074811772,
        0.35088197043274877
      ],
      "kf_vel": [
        0.0,
        0.0,
        0.0
      ],
      "has_detection": true,
      "kf_state": "update",
      "rgb_file": "rgb_000000.png",
      "rgb_overlay_file": "rgb_overlay_000000.png",
      "depth_file": "depth_000000.npy",
      "gt_pos": [
        0.36120282514591334,
        -0.029677818719101228,
        0.3553011978542808
      ],
      "gt_pos_source": "gt_fit_icp",
      "gt_pos_rmse": 0.0005869761197319968
    },
    {
      "frame_index": 1,
      "timestamp": 1775077639.118478,
      "relative_time": 0.01680302619934082,
      "body_pos": [
        0.0,
        0.0,
        0.0
      ],
      "body_rot": [
        [
          0.9749847420443606,
          -0.17632685601711273,
          0.1353277862071991
        ],
        [
          0.17313526570796967,
          0.9842725583710447,
          0.03509586676955223
        ],
        [
          -0.13938775658607483,
          -0.010787933133542538,
          0.9901791145647536
        ]
      ],
      "detection_pos": [
        0.34988014231307824,
        -0.03179291199256531,
        0.3832621240100444
      ],
      "kf_pos": [
        0.3498801426339239,
        -0.03179291198204786,
        0.3832621226107985
      ],
      "kf_vel": [
        0.022218842024811968,
        0.0017673449353209482,
        -0.16077086274183477
      ],
      "has_detection": true,
      "kf_state": "update",
      "rgb_file": "rgb_000001.png",
      "rgb_overlay_file": "rgb_overlay_000001.png",
      "depth_file": "depth_000001.npy",
      "gt_pos": [
        0.3481849459367633,
        -0.03227582052055258,
        0.3826840827798354
      ],
      "gt_pos_source": "gt_fit_icp",
      "gt_pos_rmse": 0.0005950502835421722
    },
    {
      "frame_index": 2,
      "timestamp": 1775077639.1393445,
      "relative_time": 0.03766942024230957,
      "body_pos": [
        0.0,
        0.0,
        0.0
      ],
      "body_rot": [
        [
          0.9749966826909512,
          -0.1762704849243164,
          0.1353151947259903
        ],
        [
          0.17307224869728088,
          0.9842820585401524,
          0.035140231251716614
        ],
        [
          -0.1393824964761734,
          -0.01084231212735176,
          0.9901792611719434
        ]
      ],
      "detection_pos": [
        0.346762784171735,
        -0.03542909523474364,
        0.41256904800492744
      ],
      "kf_pos": [
        0.3467631031924793,
        -0.035429009203780074,
        0.4125666522528363
      ],
      "kf_vel": [
        -0.1758372000872005,
        -0.21756663941467178,
        1.6773654436457084
      ],
      "has_detection": true,
      "kf_state": "update",
      "rgb_file": "rgb_000002.png",
      "rgb_overlay_file": "rgb_overlay_000002.png",
      "depth_file": "depth_000002.npy",
      "gt_pos": [
        0.341039019220472,
        -0.03373152774581278,
        0.41356646576176564
      ],
      "gt_pos_source": "gt_fit_icp",
      "gt_pos_rmse": 0.0005768450293523436
    },
    {
      "frame_index": 3,
      "timestamp": 1775077639.1559877,
      "relative_time": 0.054312705993652344,
      "body_pos": [
        0.0,
        0.0,
        0.0
      ],
      "body_rot": [
        [
          0.9750164413286274,
          -0.17617030441761017,
          0.13530327379703522
        ],
        [
          0.17297150194644928,
          0.9842998335906591,
          0.0351383276283741
        ],
        [
          -0.13936932384967804,
          -0.010856840759515762,
          0.9901809560516728
        ]
      ],
      "detection_pos": [
        0.3375464680955352,
        -0.03826838442080614,
        0.44316295205116035
      ],
      "kf_pos": [
        0.3386272791726184,
        -0.03839116462116453,
        0.44249759378123465
      ],
      "kf_vel": [
        -0.3476023805051355,
        -0.19370748720019876,
        1.6353865455853123
      ],
      "has_detection": true,
      "kf_state": "update",
      "rgb_file": "rgb_000003.png",
      "rgb_overlay_file": "rgb_overlay_000003.png",
      "depth_file": "depth_000003.npy",
      "gt_pos": [
        0.3316872203658651,
        -0.03650758242019353,
        0.4394743849691147
      ],
      "gt_pos_source": "gt_fit_icp",
      "gt_pos_rmse": 0.000578870285207956
    },
    {
      "frame_index": 4,
      "timestamp": 1775077639.1707904,
      "relative_time": 0.06911540031433105,
      "body_pos": [
        0.0,
        0.0,
        0.0
      ],
      "body_rot": [
        [
          0.9750217976128306,
          -0.17614002525806427,
          0.13530410826206207
        ],
        [
          0.1729431003332138,
          0.9843053738874864,
          0.03512301295995712
        ],
        [
          -0.13936711847782135,
          -0.010845801793038845,
          0.9901813872050315
        ]
      ],
      "detection_pos": [
        0.3242515627004514,
        -0.039131546181194826,
        0.46594361272373236
      ],
      "kf_pos": [
        0.3268832994649755,
        -0.0398683196680477,
        0.4666813618664377
      ],
      "kf_vel": [
        -0.48284200433899727,
        -0.14767096177068118,
        1.429082198822081
      ],
      "has_detection": true,
      "kf_state": "update",
      "rgb_file": "rgb_000004.png",
      "rgb_overlay_file": "rgb_overlay_000004.png",
      "depth_file": "depth_000004.npy",
      "gt_pos": [
        0.3209142198853495,
        -0.03647267791234306,
        0.46179508822758747
      ],
      "gt_pos_source": "gt_fit_icp",
      "gt_pos_rmse": 0.0005851780526931854
    },
    {
      "frame_index": 5,
      "timestamp": 1775077639.1869302,
      "relative_time": 0.08525514602661133,
      "body_pos": [
        0.0,
        0.0,
        0.0
      ],
      "body_rot": [
        [
          0.9750170117533371,
          -0.17615459859371185,
          0.13531962037086487
        ],
        [
          0.17294837534427643,
          0.9843020994739599,
          0.03518868237733841
        ],
        [
          -0.13939404487609863,
          -0.010906262323260307,
          0.9901769338750008
        ]
      ],
      "detection_pos": [
        0.32081019588968207,
        -0.04371284517880508,
        0.4938752678145575
      ],
      "kf_pos": [
        0.32009069974844984,
        -0.043166902511492106,
        0.49199406837051446
      ],
      "kf_vel": [
        -0.4385526705252905,
        -0.16240426744308864,
        1.3245040060271018
      ],
      "has_detection": true,
      "kf_state": "update",
      "rgb_file": "rgb_000005.png",
      "rgb_overlay_file": "rgb_overlay_000005.png",
      "depth_file": "depth_000005.npy",
      "gt_pos": [
        0.3142478179850445,
        -0.04049888159637415,
        0.49041334314033147
      ],
      "gt_pos_source": "gt_fit_icp",
      "gt_pos_rmse": 0.000576073370097456
    },
    {
      "frame_index": 6,
      "timestamp": 1775077639.2032635,
      "relative_time": 0.10158848762512207,
      "body_pos": [
        0.0,
        0.0,
        0.0
      ],
      "body_rot": [
        [
          0.9750265936207002,
          -0.17609745264053345,
          0.13532494008541107
        ],
        [
          0.17288634181022644,
          0.984311904265292,
          0.0352192297577858
        ],
        [
          -0.13940395414829254,
          -0.01094385702162981,
          0.9901751216416543
        ]
      ],
      "detection_pos": [
        0.3082762035243437,
        -0.045302309630074644,
        0.5114457841444076
      ],
      "kf_pos": [
        0.3105085304254921,
        -0.04556476455732297,
        0.5120511776773624
      ],
      "kf_vel": [
        -0.45617213162293624,
        -0.1559255899412329,
        1.151467104888109
      ],
      "has_detection": true,
      "kf_state": "update",
      "rgb_file": "rgb_000006.png",
      "rgb_overlay_file": "rgb_overlay_000006.png",
      "depth_file": "depth_000006.npy",
      "gt_pos": [
        0.30542832170200357,
        -0.04182061056254321,
        0.5084282449617026
      ],
      "gt_pos_source": "gt_fit_icp",
      "gt_pos_rmse": 0.0005799261947550911
    },
    {
      "frame_index": 7,
      "timestamp": 1775077639.2200763,
      "relative_time": 0.11840128898620605,
      "body_pos": [
        0.0,
        0.0,
        0.0
      ],
      "body_rot": [
        [
          0.97502895577357,
          -0.17608021199703217,
          0.13533034920692444
        ],
        [
          0.17285706102848053,
          0.9843140418726213,
          0.03530307859182358
        ],
        [
          -0.13942372798919678,
          -0.011028720997273922,
          0.9901713950535467
        ]
      ],
      "detection_pos": [
        0.29855227996301315,
        -0.04741542251393795,
        0.5317190441960805
      ],
      "kf_pos": [
        0.3009748653851315,
        -0.04782602857437462,
        0.5307564035358557
      ],
      "kf_vel": [
        -0.4629603495682679,
        -0.14925281044040956,
        1.0022231053434134
      ],
      "has_detection": true,
      "kf_state": "update",
      "rgb_file": "rgb_000007.png",
      "rgb_overlay_file": "rgb_overlay_000007.png",
      "depth_file": "depth_000007.npy",
      "gt_pos": [
        0.29623039975165105,
        -0.04485920903585461,
        0.52685906325114
      ],
      "gt_pos_source": "gt_fit_icp",
      "gt_pos_rmse": 0.0005755775149826282
    },
    {
      "frame_index": 8,
      "timestamp": 1775077639.2373545,
      "relative_time": 0.1356794834136963,
      "body_pos": [
        0.0,
        0.0,
        0.0
      ],
      "body_rot": [
        [
          0.9750366213446283,
          -0.1760331094264984,
          0.13533639907836914
        ],
        [
          0.1728070080280304,
          0.9843222068303351,
          0.03532049059867859
        ],
        [
          -0.13943219184875488,
          -0.01105169951915741,
          0.9901699496380127
        ]
      ],
      "detection_pos": [
        0.28641703676382535,
        -0.048617085538891436,
        0.5445096170161432
      ],
      "kf_pos": [
        0.29050622745139926,
        -0.04959148722059554,
        0.5454367295762655
      ],
      "kf_vel": [
        -0.4759313350040111,
        -0.138947275938573,
        0.8318593663170947
      ],
      "has_detection": true,
      "kf_state": "update",
      "rgb_file": "rgb_000008.png",
      "rgb_overlay_file": "rgb_overlay_000008.png",
      "depth_file": "depth_000008.npy",
      "gt_pos": [
        0.28528631230348006,
        -0.04919390886201663,
        0.5382137585586964
      ],
      "gt_pos_source": "gt_fit_icp",
      "gt_pos_rmse": 0.0005808138963729308
    },
    {
      "frame_index": 9,
      "timestamp": 1775077639.2567375,
      "relative_time": 0.15506243705749512,
      "body_pos": [
        0.0,
        0.0,
        0.0
      ],
      "body_rot": [
        [
          0.9750388010260508,
          -0.17601047456264496,
          0.13535013794898987
        ],
        [
          0.17278189957141876,
          0.9843260805735883,
          0.03533537685871124
        ],
        [
          -0.13944807648658752,
          -0.011067317798733711,
          0.9901675395129385
        ]
      ],
      "detection_pos": [
        0.2814454536195831,
        -0.05132156395524113,
        0.5613420429996834
      ],
      "kf_pos": [
        0.28225096514570625,
        -0.0516755041218203,
        0.5592907406671084
      ],
      "kf_vel": [
        -0.4588610830319493,
        -0.1348306928617858,
        0.6861372799191231
      ],
      "has_detection": true,
      "kf_state": "update",
      "rgb_file": "rgb_000009.png",
      "rgb_overlay_file": "rgb_overlay_000009.png",
      "depth_file": "depth_000009.npy",
      "gt_pos": [
        0.280757873523349,
        -0.04992818089291292,
        0.5547387534904543
      ],
      "gt_pos_source": "gt_fit_icp",
      "gt_pos_rmse": 0.0005868753209510419
    },
    {
      "frame_index": 10,
      "timestamp": 1775077639.2740583,
      "relative_time": 0.17238330841064453,
      "body_pos": [
        0.0,
        0.0,
        0.0
      ],
      "body_rot": [
        [
          0.9750325016705278,
          -0.1760389506816864,
          0.13535848259925842
        ],
        [
          0.1728074848651886,
          0.9843208089911025,
          0.0353570394217968
        ],
        [
          -0.13946038484573364,
          -0.011083305813372135,
          0.99016562485679
        ]
      ],
      "detection_pos": [
        0.2778347427588043,
        -0.053697391135881734,
        0.5673016659255022
      ],
      "kf_pos": [
        0.27585716200804633,
        -0.05384571820596784,
        0.5686065109657427
      ],
      "kf_vel": [
        -0.4253178762187998,
        -0.13221213767562018,
        0.5151407149636346
      ],
      "has_detection": true,
      "kf_state": "update",
      "rgb_file": "rgb_000010.png",
      "rgb_overlay_file": "rgb_overlay_000010.png",
      "depth_file": "depth_000010.npy",
      "gt_pos": [
        0.2759988608489195,
        -0.05178027207012682,
        0.5651196962236893
      ],
      "gt_pos_source": "gt_fit_icp",
      "gt_pos_rmse": 0.0005818314869064026
    },
    {
      "frame_index": 11,
      "timestamp": 1775077639.286799,
      "relative_time": 0.18512392044067383,
      "body_pos": [
        0.0,
        0.0,
        0.0
      ],
      "body_rot": [
        [
          0.9750370365630715,
          -0.176010861992836,
          0.13536234200000763
        ],
        [
          0.17278026044368744,
          0.9843258870401107,
          0.03534875065088272
        ],
        [
          -0.1394624263048172,
          -0.01107840333133936,
          0.9901653932183365
        ]
      ],
      "detection_pos": [
        0.27292394746462467,
        -0.05557715858642582,
        0.5700443954907689
      ],
      "kf_pos": [
        0.27026516008466833,
        -0.05587594382118577,
        0.573804895541538
      ],
      "kf_vel": [
        -0.39004444963903273,
        -0.12903796435788198,
        0.330231938774074
      ],
      "has_detection": true,
      "kf_state": "update",
      "rgb_file": "rgb_000011.png",
      "rgb_overlay_file": "rgb_overlay_000011.png",
      "depth_file": "depth_000011.npy",
      "gt_pos": [
        0.26952398296518926,
        -0.05371798263901845,
        0.570488931311683
      ],
      "gt_pos_source": "gt_fit_icp",
      "gt_pos_rmse": 0.0005496849314375226
    },
    {
      "frame_index": 12,
      "timestamp": 1775077639.3029397,
      "relative_time": 0.2012646198272705,
      "body_pos": [
        0.0,
        0.0,
        0.0
      ],
      "body_rot": [
        [
          0.9750343047776545,
          -0.17599183320999146,
          0.13540677726268768
        ],
        [
          0.1727658212184906,
          0.9843297663667395,
          0.03531127795577049
        ],
        [
          -0.13949941098690033,
          -0.011036050505936146,
          0.9901606567325327
        ]
      ],
      "detection_pos": [
        0.2733876713446041,
        -0.05876315275649161,
        0.5757349389744709
      ],
      "kf_pos": [
        0.26680877505688655,
        -0.058217008816885636,
        0.5771784047587933
      ],
      "kf_vel": [
        -0.3425269687774954,
        -0.12917600280790092,
        0.1586595712483307
      ],
      "has_detection": true,
      "kf_state": "update",
      "rgb_file": "rgb_000012.png",
      "rgb_overlay_file": "rgb_overlay_000012.png",
      "depth_file": "depth_000012.npy",
      "gt_pos": [
        0.2705601175411914,
        -0.051102191919396564,
        0.5767843914657974
      ],
      "gt_pos_source": "gt_fit_icp",
      "gt_pos_rmse": 0.0005561384328473185
    },
    {
      "frame_index": 13,
      "timestamp": 1775077639.3226144,
      "relative_time": 0.22093939781188965,
      "body_pos": [
        0.0,
        0.0,
        0.0
      ],
      "body_rot": [
        [
          0.9750353151194794,
          -0.1759839653968811,
          0.13540971279144287
        ],
        [
          0.17275923490524292,
          0.9843312732416709,
          0.035301562398672104
        ],
        [
          -0.13950052857398987,
          -0.011026999913156033,
          0.9901606008447915
        ]
      ],
      "detection_pos": [
        0.27663474361225704,
        -0.06176147620322507,
        0.5825978692899322
      ],
      "kf_pos": [
        0.26564508208967724,
        -0.0607506584652463,
        0.5797289658466283
      ],
      "kf_vel": [
        -0.28517283468003324,
        -0.13061780499862125,
        0.008653342550149636
      ],
      "has_detection": true,
      "kf_state": "update",
      "rgb_file": "rgb_000013.png",
      "rgb_overlay_file": "rgb_overlay_000013.png",
      "depth_file": "depth_000013.npy",
      "gt_pos": [
        0.2687847010692174,
        -0.05507051533024119,
        0.5877475848023657
      ],
      "gt_pos_source": "gt_fit_icp",
      "gt_pos_rmse": 0.0005914873232066765
    },
    {
      "frame_index": 14,
      "timestamp": 1775077639.3413117,
      "relative_time": 0.23963665962219238,
      "body_pos": [
        0.0,
        0.0,
        0.0
      ],
      "body_rot": [
        [
          0.9750410166815401,
          -0.17597489058971405,
          0.13538038730621338
        ],
        [
          0.172748401761055,
          0.9843326601638961,
          0.03531573712825775
        ],
        [
          -0.1394740343093872,
          -0.011047547683119774,
          0.9901641018059011
        ]
      ],
      "detection_pos": [
        0.2722746557041772,
        -0.06253107107765472,
        0.5813165668930003
      ],
      "kf_pos": [
        0.26410437907577794,
        -0.06281614069532648,
        0.579331480665803
      ],
      "kf_vel": [
        -0.23956838015194568,
        -0.12803146563849752,
        -0.14573411054001634
      ],
      "has_detection": true,
      "kf_state": "update",
      "rgb_file": "rgb_000014.png",
      "rgb_overlay_file": "rgb_overlay_000014.png",
      "depth_file": "depth_000014.npy",
      "gt_pos": [
        0.2599827898719225,
        -0.05933476188431514,
        0.5905260257489604
      ],
      "gt_pos_source": "gt_fit_icp",
      "gt_pos_rmse": 0.0006157693550804178
    },
    {
      "frame_index": 15,
      "timestamp": 1775077639.3633387,
      "relative_time": 0.26166367530822754,
      "body_pos": [
        0.0,
        0.0,
        0.0
      ],
      "body_rot": [
        [
          0.975047241481826,
          -0.17591218650341034,
          0.13541705906391144
        ],
        [
          0.17267780005931854,
          0.984343293745621,
          0.03536464646458626
        ],
        [
          -0.13951794803142548,
          -0.011098682880401611,
          0.9901573431874613
        ]
      ],
      "detection_pos": [
        0.27238654353297026,
        -0.06539551435212858,
        0.5824859006781503
      ],
      "kf_pos": [
        0.2633537063687016,
        -0.06506113445360401,
        0.5776437153875437
      ],
      "kf_vel": [
        -0.19485935407245655,
        -0.12718214839894743,
        -0.2864443833992293
      ],
      "has_detection": true,
      "kf_state": "update",
      "rgb_file": "rgb_000015.png",
      "rgb_overlay_file": "rgb_overlay_000015.png",
      "depth_file": "depth_000015.npy",
      "gt_pos": [
        0.26199816227583783,
        -0.06086976371550232,
        0.5904901289399345
      ],
      "gt_pos_source": "gt_fit_icp",
      "gt_pos_rmse": 0.0005860378974453269
    },
    {
      "frame_index": 16,
      "timestamp": 1775077639.3790228,
      "relative_time": 0.2773478031158447,
      "body_pos": [
        0.0,
        0.0,
        0.0
      ],
      "body_rot": [
        [
          0.975058382373413,
          -0.17587144672870636,
          0.1353897601366043
        ],
        [
          0.17263559997081757,
          0.9843503456693138,
          0.03537437319755554
        ],
        [
          -0.13949228823184967,
          -0.011118986643850803,
          0.9901607283698499
        ]
      ],
      "detection_pos": [
        0.2728385758106337,
        -0.06822520930056988,
        0.5817651506166218
      ],
      "kf_pos": [
        0.263331192099179,
        -0.06743134251009926,
        0.5745986780362158
      ],
      "kf_vel": [
        -0.15172926760022343,
        -0.12741731946711765,
        -0.41609747687965426
      ],
      "has_detection": true,
      "kf_state": "update",
      "rgb_file": "rgb_000016.png",
      "rgb_overlay_file": "rgb_overlay_000016.png",
      "depth_file": "depth_000016.npy",
      "gt_pos": [
        0.26020004413098624,
        -0.06468494557211792,
        0.5907309773818576
      ],
      "gt_pos_source": "gt_fit_icp",
      "gt_pos_rmse": 0.0006119239885859975
    },
    {
      "frame_index": 17,
      "timestamp": 1775077639.3971329,
      "relative_time": 0.2954578399658203,
      "body_pos": [
        0.0,
        0.0,
        0.0
      ],
      "body_rot": [
        [
          0.9750725266661628,
          -0.1757863163948059,
          0.1353984773159027
        ],
        [
          0.1725529432296753,
          0.9843657046885924,
          0.035350289195775986
        ],
        [
          -0.13949570059776306,
          -0.011105692945420742,
          0.9901603972666645
        ]
      ],
      "detection_pos": [
        0.2729487267595296,
        -0.07080401417438564,
        0.5786161819183603
      ],
      "kf_pos": [
        0.2637417452131132,
        -0.06982266060615046,
        0.5700174321838997
      ],
      "kf_vel": [
        -0.11130640157244602,
        -0.12802842305979928,
        -0.538795048057985
      ],
      "has_detection": true,
      "kf_state": "update",
      "rgb_file": "rgb_000017.png",
      "rgb_overlay_file": "rgb_overlay_000017.png",
      "depth_file": "depth_000017.npy",
      "gt_pos": [
        0.26160103453022704,
        -0.0672348207884234,
        0.586423451335906
      ],
      "gt_pos_source": "gt_fit_icp",
      "gt_pos_rmse": 0.0005963447321640212
    },
    {
      "frame_index": 18,
      "timestamp": 1775077639.4089088,
      "relative_time": 0.3072338104248047,
      "body_pos": [
        0.0,
        0.0,
        0.0
      ],
      "body_rot": [
        [
          0.975078914010157,
          -0.17575648427009583,
          0.13539117574691772
        ],
        [
          0.17252355813980103,
          0.9843710180701474,
          0.03534570336341858
        ],
        [
          -0.1394873857498169,
          -0.011106682941317558,
          0.9901615575233408
        ]
      ],
      "detection_pos": [
        0.2595015373263667,
        -0.06984215208149647,
        0.563978911402058
      ],
      "kf_pos": [
        0.2614338080595478,
        -0.07145111380275548,
        0.5610428111910113
      ],
      "kf_vel": [
        -0.09386520697290836,
        -0.12291997545361494,
        -0.6853830041806768
      ],
      "has_detection": true,
      "kf_state": "update",
      "rgb_file": "rgb_000018.png",
      "rgb_overlay_file": "rgb_overlay_000018.png",
      "depth_file": "depth_000018.npy",
      "gt_pos": [
        0.2545036658645717,
        -0.06803013467809922,
        0.5726568755755165
      ],
      "gt_pos_source": "gt_fit_icp",
      "gt_pos_rmse": 0.000602825774756699
    },
    {
      "frame_index": 19,
      "timestamp": 1775077639.4232535,
      "relative_time": 0.3215785026550293,
      "body_pos": [
        0.0,
        0.0,
        0.0
      ],
      "body_rot": [
        [
          0.9750842433358711,
          -0.1757514327764511,
          0.13535934686660767
        ],
        [
          0.1725107878446579,
          0.9843712051954471,
          0.03540286421775818
        ],
        [
          -0.13946595788002014,
          -0.011169830337166786,
          0.9901638672727889
        ]
      ],
      "detection_pos": [
        0.25942073651642283,
        -0.07104677243986499,
        0.5568240805458937
      ],
      "kf_pos": [
        0.2598238723997809,
        -0.07296421092754941,
        0.550915454468212
      ],
      "kf_vel": [
        -0.07434887288397914,
        -0.11734633286529533,
        -0.8178401195392662
      ],
      "has_detection": true,
      "kf_state": "update",
      "rgb_file": "rgb_000019.png",
      "rgb_overlay_file": "rgb_overlay_000019.png",
      "depth_file": "depth_000019.npy",
      "gt_pos": [
        0.25492001448980867,
        -0.06808380759426431,
        0.5612941018360766
      ],
      "gt_pos_source": "gt_fit_icp",
      "gt_pos_rmse": 0.0005474780331070666
    },
    {
      "frame_index": 20,
      "timestamp": 1775077639.4360893,
      "relative_time": 0.3344142436981201,
      "body_pos": [
        0.0,
        0.0,
        0.0
      ],
      "body_rot": [
        [
          0.9750973642851738,
          -0.17566227912902832,
          0.1353805810213089
        ],
        [
          0.17242354154586792,
          0.9843872600475174,
          0.035381440073251724
        ],
        [
          -0.13948209583759308,
          -0.01115755271166563,
          0.9901617316993844
        ]
      ],
      "detection_pos": [
        0.26092709846233375,
        -0.07355664658227362,
        0.5498934089248664
      ],
      "kf_pos": [
        0.25908325701283275,
        -0.07459072768008071,
        0.5402283986197052
      ],
      "kf_vel": [
        -0.051820390435725644,
        -0.11381767617713037,
        -0.9325409632952252
      ],
      "has_detection": true,
      "kf_state": "update",
      "rgb_file": "rgb_000020.png",
      "rgb_overlay_file": "rgb_overlay_000020.png",
      "depth_file": "depth_000020.npy",
      "gt_pos": [
        0.25578745661773694,
        -0.06939361749227488,
        0.5454549481573256
      ],
      "gt_pos_source": "gt_fit_icp",
      "gt_pos_rmse": 0.0005779846542611659
    },
    {
      "frame_index": 21,
      "timestamp": 1775077639.4532647,
      "relative_time": 0.3515896797180176,
      "body_pos": [
        0.0,
        0.0,
        0.0
      ],
      "body_rot": [
        [
          0.975102560749101,
          -0.17564590275287628,
          0.1353643536567688
        ],
        [
          0.17240996658802032,
          0.9843903391497537,
          0.035361893475055695
        ],
        [
          -0.13946253061294556,
          -0.011143306270241737,
          0.9901646467225776
        ]
      ],
      "detection_pos": [
        0.2584226731487675,
        -0.0753957103415528,
        0.538275749817457
      ],
      "kf_pos": [
        0.2582311420982067,
        -0.07624255960525857,
        0.5279514050330969
      ],
      "kf_vel": [
        -0.033047727997051524,
        -0.11071844012984691,
        -1.0432606280831143
      ],
      "has_detection": true,
      "kf_state": "update",
      "rgb_file": "rgb_000021.png",
      "rgb_overlay_file": "rgb_overlay_000021.png",
      "depth_file": "depth_000021.npy",
      "gt_pos": [
        0.2530729331738042,
        -0.07182507391366415,
        0.5300958666671023
      ],
      "gt_pos_source": "gt_fit_icp",
      "gt_pos_rmse": 0.0005728480335182245
    },
    {
      "frame_index": 22,
      "timestamp": 1775077639.469239,
      "relative_time": 0.36756396293640137,
      "body_pos": [
        0.0,
        0.0,
        0.0
      ],
      "body_rot": [
        [
          0.9751058613486954,
          -0.17563612759113312,
          0.13535326719284058
        ],
        [
          0.17240150272846222,
          0.9843921507957252,
          0.03535264730453491
        ],
        [
          -0.13944989442825317,
          -0.011137465015053749,
          0.9901664917199169
        ]
      ],
      "detection_pos": [
        0.2615227479450135,
        -0.07704025815607829,
        0.5152728939155726
      ],
      "kf_pos": [
        0.2585927630679755,
        -0.07785067640049195,
        0.5110364991905831
      ],
      "kf_vel": [
        -0.00628992095627931,
        -0.10748461867368948,
        -1.185398771077977
      ],
      "has_detection": true,
      "kf_state": "update",
      "rgb_file": "rgb_000022.png",
      "rgb_overlay_file": "rgb_overlay_000022.png",
      "depth_file": "depth_000022.npy",
      "gt_pos": [
        0.2558565762921631,
        -0.07315139624670147,
        0.5084018264145835
      ],
      "gt_pos_source": "gt_fit_icp",
      "gt_pos_rmse": 0.0005741869015724632
    },
    {
      "frame_index": 23,
      "timestamp": 1775077639.489842,
      "relative_time": 0.3881669044494629,
      "body_pos": [
        0.0,
        0.0,
        0.0
      ],
      "body_rot": [
        [
          0.975109752625101,
          -0.175617516040802,
          0.13534939289093018
        ],
        [
          0.17238250374794006,
          0.9843954121343653,
          0.03535456955432892
        ],
        [
          -0.1394461989402771,
          -0.01114271953701973,
          0.9901669538042519
        ]
      ],
      "detection_pos": [
        0.2602859666615898,
        -0.07686811953163102,
        0.48694984103913175
      ],
      "kf_pos": [
        0.259068145528941,
        -0.07902963491292767,
        0.4889843591053572
      ],
      "kf_vel": [
        0.019781650288263675,
        -0.10148195608899548,
        -1.3579942645824332
      ],
      "has_detection": true,
      "kf_state": "update",
      "rgb_file": "rgb_000023.png",
      "rgb_overlay_file": "rgb_overlay_000023.png",
      "depth_file": "depth_000023.npy",
      "gt_pos": [
        0.2568082980774586,
        -0.07229988009420223,
        0.48056070477660484
      ],
      "gt_pos_source": "gt_fit_icp",
      "gt_pos_rmse": 0.0005764108826127333
    },
    {
      "frame_index": 24,
      "timestamp": 1775077639.5082266,
      "relative_time": 0.4065515995025635,
      "body_pos": [
        0.0,
        0.0,
        0.0
      ],
      "body_rot": [
        [
          0.9751107843621701,
          -0.17561012506484985,
          0.1353515386581421
        ],
        [
          0.17238515615463257,
          0.9843975291407364,
          0.03528263047337532
        ],
        [
          -0.13943570852279663,
          -0.011071878485381603,
          0.9901692258395673
        ]
      ],
      "detection_pos": [
        0.2670332110253219,
        -0.07916369955701043,
        0.45974747425833473
      ],
      "kf_pos": [
        0.2612613735095061,
        -0.08034530598693826,
        0.46327795741225897
      ],
      "kf_vel": [
        0.055341098613166745,
        -0.09738947641869969,
        -1.539946522457737
      ],
      "has_detection": true,
      "kf_state": "update",
      "rgb_file": "rgb_000024.png",
      "rgb_overlay_file": "rgb_overlay_000024.png",
      "depth_file": "depth_000024.npy",
      "gt_pos": [
        0.25855384572427004,
        -0.07481976181051657,
        0.4561332662191667
      ],
      "gt_pos_source": "gt_fit_icp",
      "gt_pos_rmse": 0.0005777531775773139
    },
    {
      "frame_index": 25,
      "timestamp": 1775077639.5196085,
      "relative_time": 0.41793346405029297,
      "body_pos": [
        0.0,
        0.0,
        0.0
      ],
      "body_rot": [
        [
          0.9751070792372486,
          -0.1756187230348587,
          0.13536709547042847
        ],
        [
          0.1723947376012802,
          0.9843961273259134,
          0.0352749228477478
        ],
        [
          -0.13944977521896362,
          -0.011060253717005253,
          0.9901673753074677
        ]
      ],
      "detection_pos": [
        0.26967638621284534,
        -0.07930060310112122,
        0.43234387529087487
      ],
      "kf_pos": [
        0.2639828765280479,
        -0.08138477370064405,
        0.4349524290571839
      ],
      "kf_vel": [
        0.09035766101096698,
        -0.09156049289907532,
        -1.7173242613752684
      ],
      "has_detection": true,
      "kf_state": "update",
      "rgb_file": "rgb_000025.png",
      "rgb_overlay_file": "rgb_overlay_000025.png",
      "depth_file": "depth_000025.npy",
      "gt_pos": [
        0.26752080857195626,
        -0.0756069870427983,
        0.4312987250447244
      ],
      "gt_pos_source": "gt_fit_icp",
      "gt_pos_rmse": 0.0005773271853260451
    },
    {
      "frame_index": 26,
      "timestamp": 1775077639.5376432,
      "relative_time": 0.43596816062927246,
      "body_pos": [
        0.0,
        0.0,
        0.0
      ],
      "body_rot": [
        [
          0.9751038429089554,
          -0.17563146352767944,
          0.13537387549877167
        ],
        [
          0.17241039872169495,
          0.9843941157250334,
          0.03525453060865402
        ],
        [
          -0.13945303857326508,
          -0.011036967858672142,
          0.9901671741080386
        ]
      ],
      "detection_pos": null,
      "kf_pos": [
        0.26567624727096045,
        -0.08289135733884404,
        0.40498384717430497
      ],
      "kf_vel": [
        0.11316211858952646,
        -0.08979390845438355,
        -1.879214363966141
      ],
      "has_detection": false,
      "kf_state": "predict",
      "rgb_file": "rgb_000026.png",
      "rgb_overlay_file": "rgb_overlay_000026.png",
      "depth_file": "depth_000026.npy"
    },
    {
      "frame_index": 27,
      "timestamp": 1775077639.5529504,
      "relative_time": 0.4512753486633301,
      "body_pos": [
        0.0,
        0.0,
        0.0
      ],
      "body_rot": [
        [
          0.9750994320954306,
          -0.1756337732076645,
          0.135402649641037
        ],
        [
          0.17241095006465912,
          0.9843936496285018,
          0.035264868289232254
        ],
        [
          -0.13948321342468262,
          -0.01104185450822115,
          0.9901628713093673
        ]
      ],
      "detection_pos": [
        0.2758122448267936,
        -0.0805060424396355,
        0.35188914309805197
      ],
      "kf_pos": [
        0.27019758280733874,
        -0.08336602231739797,
        0.36418013405010907
      ],
      "kf_vel": [
        0.1572895327326,
        -0.08069535815643286,
        -2.1281456779270487
      ],
      "has_detection": true,
      "kf_state": "update",
      "rgb_file": "rgb_000027.png",
      "rgb_overlay_file": "rgb_overlay_000027.png",
      "depth_file": "depth_000027.npy",
      "gt_pos": [
        0.27203589080986007,
        -0.07742960475351515,
        0.3523631837479154
      ],
      "gt_pos_source": "gt_fit_icp",
      "gt_pos_rmse": 0.0005779726726298145
    },
    {
      "frame_index": 28,
      "timestamp": 1775077639.5749753,
      "relative_time": 0.4733002185821533,
      "body_pos": [
        0.0,
        0.0,
        0.0
      ],
      "body_rot": [
        [
          0.9751094957551167,
          -0.1756105124950409,
          0.13536033034324646
        ],
        [
          0.17238309979438782,
          0.9843972942802901,
          0.035299137234687805
        ],
        [
          -0.13944724202156067,
          -0.011086690239608288,
          0.9901674362310098
        ]
      ],
      "detection_pos": [
        0.2874338837625466,
        -0.08331470062763939,
        0.33069028856608396
      ],
      "kf_pos": [
        0.2764694842487768,
        -0.0843693519820347,
        0.3283024607337732
      ],
      "kf_vel": [
        0.2032136680642907,
        -0.07655202949429968,
        -2.2819039659647213
      ],
      "has_detection": true,
      "kf_state": "update",
      "rgb_file": "rgb_000028.png",
      "rgb_overlay_file": "rgb_overlay_000028.png",
      "depth_file": "depth_000028.npy",
      "gt_pos": [
        0.2789262322293397,
        -0.08110181819312412,
        0.31142204158645453
      ],
      "gt_pos_source": "gt_fit_icp",
      "gt_pos_rmse": 0.0005771047402972761
    },
    {
      "frame_index": 29,
      "timestamp": 1775077639.596027,
      "relative_time": 0.494351863861084,
      "body_pos": [
        0.0,
        0.0,
        0.0
      ],
      "body_rot": [
        [
          0.975124544374175,
          -0.17553822696208954,
          0.1353456825017929
        ],
        [
          0.17231707274913788,
          0.9844105777646691,
          0.03525117412209511
        ],
        [
          -0.1394236534833908,
          -0.01105191558599472,
          0.9901711474570588
        ]
      ],
      "detection_pos": null,
      "kf_pos": [
        0.28005885409632525,
        -0.08559817972787788,
        0.28891899045702857
      ],
      "kf_vel": [
        0.22596200662947916,
        -0.07483320701460339,
        -2.4437982134357252
      ],
      "has_detection": false,
      "kf_state": "predict",
      "rgb_file": "rgb_000029.png",
      "rgb_overlay_file": "rgb_overlay_000029.png",
      "depth_file": "depth_000029.npy"
    },
    {
      "frame_index": 30,
      "timestamp": 1775077639.6066535,
      "relative_time": 0.5049784183502197,
      "body_pos": [
        0.0,
        0.0,
        0.0
      ],
      "body_rot": [
        [
          0.9751206297627942,
          -0.17555297911167145,
          0.13535475730895996
        ],
        [
          0.17233826220035553,
          0.9844084949496177,
          0.035205721855163574
        ],
        [
          -0.13942483067512512,
          -0.011003023013472557,
          0.9901715247359556
        ]
      ],
      "detection_pos": null,
      "kf_pos": [
        0.2840127456293616,
        -0.0868250260744934,
        0.24684420959253497
      ],
      "kf_vel": [
        0.2487586706146383,
        -0.0731523349863421,
        -2.6056875709362064
      ],
      "has_detection": false,
      "kf_state": "predict",
      "rgb_file": "rgb_000030.png",
      "rgb_overlay_file": "rgb_overlay_000030.png",
      "depth_file": "depth_000030.npy"
    },
    {
      "frame_index": 31,
      "timestamp": 1775077639.6222618,
      "relative_time": 0.5205867290496826,
      "body_pos": [
        0.0,
        0.0,
        0.0
      ],
      "body_rot": [
        [
          0.9751188426636576,
          -0.1755380630493164,
          0.13538695871829987
        ],
        [
          0.17232376337051392,
          0.984411266057248,
          0.035199157893657684
        ],
        [
          -0.13945524394512177,
          -0.010992973111569881,
          0.9901673546760399
        ]
      ],
      "detection_pos": null,
      "kf_pos": [
        0.288343651731202,
        -0.08802287376694812,
        0.20207693248692873
      ],
      "kf_vel": [
        0.2716410283593417,
        -0.07138303988369768,
        -2.7675713722106208
      ],
      "has_detection": false,
      "kf_state": "predict",
      "rgb_file": "rgb_000031.png",
      "rgb_overlay_file": "rgb_overlay_000031.png",
      "depth_file": "depth_000031.npy"
    },
    {
      "frame_index": 32,
      "timestamp": 1775077639.6361933,
