{
  "tracker_id": 0,
  "start_timestamp": 1775077640.3850508,
  "frame_count": 34,
  "dt": 0.016666666666666666,
  "ground_z_threshold": -0.22,
  "coord_frame": "body",
  "image_dir": "trajectory_tracker0_20260401_230720_0003",
  "frames": [
    {
      "frame_index": 0,
      "timestamp": 1775077640.3850508,
      "relative_time": 0.0,
      "body_pos": [
        0.0,
        0.0,
        0.0
      ],
      "body_rot": [
        [
          0.9751572665441175,
          -0.17522627115249634,
          0.1355140656232834
        ],
        [
          0.17200586199760437,
          0.984466430553368,
          0.035211265087127686
        ],
        [
          -0.13957898318767548,
          -0.01102731004357338,
          0.9901495376973074
        ]
      ],
      "detection_pos": [
        0.3426683280257747,
        -0.07590119287241567,
        0.33832504121729434
      ],
      "kf_pos": [
        0.3426683280257747,
        -0.07590119287241567,
        0.33832504121729434
      ],
      "kf_vel": [
        0.0,
        0.0,
        0.0
      ],
      "has_detection": true,
      "kf_state": "update",
      "rgb_file": "rgb_000000.png",
      "rgb_overlay_file": "rgb_overlay_000000.png",
      "depth_file": "depth_000000.npy",
      "gt_pos": [
        0.33781731581635593,
        -0.07307273795774245,
        0.3378085835132938
      ],
      "gt_pos_source": "gt_fit_icp",
      "gt_pos_rmse": 0.0005757259525303437
    },
    {
      "frame_index": 1,
      "timestamp": 1775077640.4042983,
      "relative_time": 0.01924753189086914,
      "body_pos": [
        0.0,
        0.0,
        0.0
      ],
      "body_rot": [
        [
          0.9751491235972568,
          -0.17527329921722412,
          0.1355118304491043
        ],
        [
          0.172052800655365,
          0.9844580847340938,
          0.035215310752391815
        ],
        [
          -0.13957802951335907,
          -0.011024991981685162,
          0.9901496978396179
        ]
      ],
      "detection_pos": [
        0.3307127561094307,
        -0.07549015571826465,
        0.3643270069944521
      ],
      "kf_pos": [
        0.330712756351204,
        -0.07549015571288917,
        0.36432700586687966
      ],
      "kf_vel": [
        0.022416477966622123,
        0.0018163722620533232,
        -0.16097825192615217
      ],
      "has_detection": true,
      "kf_state": "update",
      "rgb_file": "rgb_000001.png",
      "rgb_overlay_file": "rgb_overlay_000001.png",
      "depth_file": "depth_000001.npy",
      "gt_pos": [
        0.32799919455880117,
        -0.07369523425692993,
        0.364879191551868
      ],
      "gt_pos_source": "gt_fit_icp",
      "gt_pos_rmse": 0.0005920150052163551
    },
    {
      "frame_index": 2,
      "timestamp": 1775077640.418526,
      "relative_time": 0.03347516059875488,
      "body_pos": [
        0.0,
        0.0,
        0.0
      ],
      "body_rot": [
        [
          0.9751517591835102,
          -0.17529037594795227,
          0.13547080755233765
        ],
        [
          0.1720716953277588,
          0.9844550908166978,
          0.03520664945244789
        ],
        [
          -0.1395363211631775,
          -0.011021137237548828,
          0.990155621132824
        ]
      ],
      "detection_pos": [
        0.3292829690652191,
        -0.0778850853183149,
        0.38982225751308985
      ],
      "kf_pos": [
        0.32928322801566023,
        -0.07788502387063964,
        0.38982014451837743
      ],
      "kf_vel": [
        -0.07519409305123625,
        -0.14246662713334132,
        1.4493497856427973
      ],
      "has_detection": true,
      "kf_state": "update",
      "rgb_file": "rgb_000002.png",
      "rgb_overlay_file": "rgb_overlay_000002.png",
      "depth_file": "depth_000002.npy",
      "gt_pos": [
        0.3239351852129187,
        -0.07425533946600578,
        0.38848903013830177
      ],
      "gt_pos_source": "gt_fit_icp",
      "gt_pos_rmse": 0.0005790042553081223
    },
    {
      "frame_index": 3,
      "timestamp": 1775077640.4364746,
      "relative_time": 0.05142378807067871,
      "body_pos": [
        0.0,
        0.0,
        0.0
      ],
      "body_rot": [
        [
          0.9751451578033126,
          -0.1753222793340683,
          0.13547702133655548
        ],
        [
          0.1721053272485733,
          0.9844495858573075,
          0.0351962186396122
        ],
        [
          -0.13954098522663116,
          -0.011005108244717121,
          0.9901551421899455
        ]
      ],
      "detection_pos": [
        0.31996233147946274,
        -0.07781056554909452,
        0.4108976377005502
      ],
      "kf_pos": [
        0.3213378237662022,
        -0.07821729279543183,
        0.41118619902945464
      ],
      "kf_vel": [
        -0.30001552190750247,
        -0.06742568978592478,
        1.2354956801471586
      ],
      "has_detection": true,
      "kf_state": "update",
      "rgb_file": "rgb_000003.png",
      "rgb_overlay_file": "rgb_overlay_000003.png",
      "depth_file": "depth_000003.npy",
      "gt_pos": [
        0.3155462731114642,
        -0.07729544929339464,
        0.40955869219230584
      ],
      "gt_pos_source": "gt_fit_icp",
      "gt_pos_rmse": 0.0005795402205278975
    },
    {
      "frame_index": 4,
      "timestamp": 1775077640.4532638,
      "relative_time": 0.06821298599243164,
      "body_pos": [
        0.0,
        0.0,
        0.0
      ],
      "body_rot": [
        [
          0.9751469800865962,
          -0.17531931400299072,
          0.1354677528142929
        ],
        [
          0.17210403084754944,
          0.9844502186914837,
          0.03518493473529816
        ],
        [
          -0.13952986896038055,
          -0.010995940305292606,
          0.9901568106171558
        ]
      ],
      "detection_pos": [
        0.31449712056183676,
        -0.07967738221609533,
        0.4314812480161791
      ],
      "kf_pos": [
        0.3151075633228889,
        -0.07957062623362685,
        0.43116522316389366
      ],
      "kf_vel": [
        -0.3138650773407108,
        -0.07202918595970102,
        1.0927034872249295
      ],
      "has_detection": true,
      "kf_state": "update",
      "rgb_file": "rgb_000004.png",
      "rgb_overlay_file": "rgb_overlay_000004.png",
      "depth_file": "depth_000004.npy",
      "gt_pos": [
        0.3094213617335211,
        -0.07536999096391264,
        0.42904297162599525
      ],
      "gt_pos_source": "gt_fit_icp",
      "gt_pos_rmse": 0.0005824008506400387
    },
    {
      "frame_index": 5,
      "timestamp": 1775077640.4694254,
      "relative_time": 0.08437466621398926,
      "body_pos": [
        0.0,
        0.0,
        0.0
      ],
      "body_rot": [
        [
          0.9751457573484584,
          -0.17533454298973083,
          0.13545683026313782
        ],
        [
          0.17211785912513733,
          0.9844473765594964,
          0.03519667312502861
        ],
        [
          -0.1395213007926941,
          -0.011007349006831646,
          0.9901578880711499
        ]
      ],
      "detection_pos": [
        0.3085738627626259,
        -0.07933611991341442,
        0.4490354942454679
      ],
      "kf_pos": [
        0.30917154032689254,
        -0.0799079273752733,
        0.44863257637963033
      ],
      "kf_vel": [
        -0.3090521343247057,
        -0.053041304167217654,
        0.9431363748074105
      ],
      "has_detection": true,
      "kf_state": "update",
      "rgb_file": "rgb_000005.png",
      "rgb_overlay_file": "rgb_overlay_000005.png",
      "depth_file": "depth_000005.npy",
      "gt_pos": [
        0.3049293727203681,
        -0.07685445534245243,
        0.4453815068288553
      ],
      "gt_pos_source": "gt_fit_icp",
      "gt_pos_rmse": 0.0005820835196638474
    },
    {
      "frame_index": 6,
      "timestamp": 1775077640.4905465,
      "relative_time": 0.10549569129943848,
      "body_pos": [
        0.0,
        0.0,
        0.0
      ],
      "body_rot": [
        [
          0.9751443680756233,
          -0.17537976801395416,
          0.13540828227996826
        ],
        [
          0.17216213047504425,
          0.9844391476283477,
          0.035210296511650085
        ],
        [
          -0.13947638869285583,
          -0.011022945865988731,
          0.9901640434010684
        ]
      ],
      "detection_pos": [
        0.3037937301288385,
        -0.07996314037166594,
        0.46296708589676205
      ],
      "kf_pos": [
        0.3040005181287464,
        -0.08036132641895191,
        0.46297650715379884
      ],
      "kf_vel": [
        -0.28995338064463794,
        -0.04403444423510609,
        0.781095705262074
      ],
      "has_detection": true,
      "kf_state": "update",
      "rgb_file": "rgb_000006.png",
      "rgb_overlay_file": "rgb_overlay_000006.png",
      "depth_file": "depth_000006.npy",
      "gt_pos": [
        0.29936068272155175,
        -0.07587057985182236,
        0.4607332512710949
      ],
      "gt_pos_source": "gt_fit_icp",
      "gt_pos_rmse": 0.0005717024497344012
    },
    {
      "frame_index": 7,
      "timestamp": 1775077640.5099313,
      "relative_time": 0.12488055229187012,
      "body_pos": [
        0.0,
        0.0,
        0.0
      ],
      "body_rot": [
        [
          0.9751514006765643,
          -0.17536652088165283,
          0.1353747844696045
        ],
        [
          0.17214655876159668,
          0.9844412139967643,
          0.035228751599788666
        ],
        [
          -0.1394464671611786,
          -0.011049065738916397,
          0.9901679674524525
        ]
      ],
      "detection_pos": [
        0.3011994672144384,
        -0.08126840642848034,
        0.47767064825124184
      ],
      "kf_pos": [
        0.3002211846199524,
        -0.08117131928529477,
        0.47606146199933896
      ],
      "kf_vel": [
        -0.2554023970194649,
        -0.04344326698786585,
        0.6398660026769241
      ],
      "has_detection": true,
      "kf_state": "update",
      "rgb_file": "rgb_000007.png",
      "rgb_overlay_file": "rgb_overlay_000007.png",
      "depth_file": "depth_000007.npy",
      "gt_pos": [
        0.2971589448320193,
        -0.07624321559539153,
        0.47310242169411626
      ],
      "gt_pos_source": "gt_fit_icp",
      "gt_pos_rmse": 0.0005808523615961612
    },
    {
      "frame_index": 8,
      "timestamp": 1775077640.5240576,
      "relative_time": 0.1390068531036377,
      "body_pos": [
        0.0,
        0.0,
        0.0
      ],
      "body_rot": [
        [
          0.9751420917081581,
          -0.17541943490505219,
          0.1353732943534851
        ],
        [
          0.17220450937747955,
          0.9844322287516485,
          0.03519652411341667
        ],
        [
          -0.13944000005722046,
          -0.011009720154106617,
          0.9901693173202755
        ]
      ],
      "detection_pos": [
        0.2986208915390464,
        -0.08036147374252303,
        0.4875079022416978
      ],
      "kf_pos": [
        0.29718348582968795,
        -0.08124624894283425,
        0.4862836958592467
      ],
      "kf_vel": [
        -0.22014789603404455,
        -0.03386948304005639,
        0.48966059167277715
      ],
      "has_detection": true,
      "kf_state": "update",
      "rgb_file": "rgb_000008.png",
      "rgb_overlay_file": "rgb_overlay_000008.png",
      "depth_file": "depth_000008.npy",
      "gt_pos": [
        0.2932223370954467,
        -0.07684318385820131,
        0.4833014298003024
      ],
      "gt_pos_source": "gt_fit_icp",
      "gt_pos_rmse": 0.0005799405630109542
    },
    {
      "frame_index": 9,
      "timestamp": 1775077640.5370371,
      "relative_time": 0.15198636054992676,
      "body_pos": [
        0.0,
        0.0,
        0.0
      ],
      "body_rot": [
        [
          0.9751269243346063,
          -0.17547553777694702,
          0.13540984690189362
        ],
        [
          0.17226678133010864,
          0.9844228666443636,
          0.035153716802597046
        ],
        [
          -0.13946916162967682,
          -0.010952720418572426,
          0.9901658409524731
        ]
      ],
      "detection_pos": [
        0.2958237216351757,
        -0.08200050114410343,
        0.49524353718974445
      ],
      "kf_pos": [
        0.29449525514272745,
        -0.0818707807855198,
        0.4939444720619996
      ],
      "kf_vel": [
        -0.18869594207425572,
        -0.032919111475326376,
        0.33771307334628836
      ],
      "has_detection": true,
      "kf_state": "update",
      "rgb_file": "rgb_000009.png",
      "rgb_overlay_file": "rgb_overlay_000009.png",
      "depth_file": "depth_000009.npy",
      "gt_pos": [
        0.29074995047317626,
        -0.07668541932367719,
        0.4910339303406491
      ],
      "gt_pos_source": "gt_fit_icp",
      "gt_pos_rmse": 0.0005755200165832252
    },
    {
      "frame_index": 10,
      "timestamp": 1775077640.5535722,
      "relative_time": 0.16852140426635742,
      "body_pos": [
        0.0,
        0.0,
        0.0
      ],
      "body_rot": [
        [
          0.9751257255339687,
          -0.17550502717494965,
          0.13538023829460144
        ],
        [
          0.17229221761226654,
          0.9844172298486413,
          0.03518687188625336
        ],
        [
          -0.13944610953330994,
          -0.010986666195094585,
          0.990168710578115
        ]
      ],
      "detection_pos": [
        0.2945426892451041,
        -0.08204982155109274,
        0.5006593222142429
      ],
      "kf_pos": [
        0.29259033300977555,
        -0.0822979956226552,
        0.49910618177490645
      ],
      "kf_vel": [
        -0.1558299410788871,
        -0.029840054880793263,
        0.18580016208023334
      ],
      "has_detection": true,
      "kf_state": "update",
      "rgb_file": "rgb_000010.png",
      "rgb_overlay_file": "rgb_overlay_000010.png",
      "depth_file": "depth_000010.npy",
      "gt_pos": [
        0.2896832892219006,
        -0.07816688881484152,
        0.4956660227453613
      ],
      "gt_pos_source": "gt_fit_icp",
      "gt_pos_rmse": 0.0005722538375601376
    },
    {
      "frame_index": 11,
      "timestamp": 1775077640.5706406,
      "relative_time": 0.18558979034423828,
      "body_pos": [
        0.0,
        0.0,
        0.0
      ],
      "body_rot": [
        [
          0.9751239962740346,
          -0.1755208820104599,
          0.13537214696407318
        ],
        [
          0.17230935394763947,
          0.9844144946341792,
          0.03517943620681763
        ],
        [
          -0.13943703472614288,
          -0.010978429578244686,
          0.9901700824934921
        ]
      ],
      "detection_pos": [
        0.29351356180001226,
        -0.08286931330715758,
        0.503179614755484
      ],
      "kf_pos": [
        0.29125685571570603,
        -0.08281103043010614,
        0.5016524849623482
      ],
      "kf_vel": [
        -0.1235275508528193,
        -0.028315687226669786,
        0.03249196350325446
      ],
      "has_detection": true,
      "kf_state": "update",
      "rgb_file": "rgb_000011.png",
      "rgb_overlay_file": "rgb_overlay_000011.png",
      "depth_file": "depth_000011.npy",
      "gt_pos": [
        0.2883624464472285,
        -0.07787373376217761,
        0.4991857257922081
      ],
      "gt_pos_source": "gt_fit_icp",
      "gt_pos_rmse": 0.0005795084607141286
    },
    {
      "frame_index": 12,
      "timestamp": 1775077640.5868106,
      "relative_time": 0.20175981521606445,
      "body_pos": [
        0.0,
        0.0,
        0.0
      ],
      "body_rot": [
        [
          0.9751188760339722,
          -0.17553691565990448,
          0.13538824021816254
        ],
        [
          0.1723289042711258,
          0.9844119725614167,
          0.03515420854091644
        ],
        [
          -0.13944865763187408,
          -0.010948228649795055,
          0.9901687779091592
        ]
      ],
      "detection_pos": [
        0.2936996804440073,
        -0.08293057101590073,
        0.5032705240273679
      ],
      "kf_pos": [
        0.29067819976746595,
        -0.08316106296611478,
        0.5016418448999963
      ],
      "kf_vel": [
        -0.0899727235767957,
        -0.025702437203662082,
        -0.12120817747752498
      ],
      "has_detection": true,
      "kf_state": "update",
      "rgb_file": "rgb_000012.png",
      "rgb_overlay_file": "rgb_overlay_000012.png",
      "depth_file": "depth_000012.npy",
      "gt_pos": [
        0.28855406114268944,
        -0.07822886163826376,
        0.49831137867140185
      ],
      "gt_pos_source": "gt_fit_icp",
      "gt_pos_rmse": 0.0005818672700088285
    },
    {
      "frame_index": 13,
      "timestamp": 1775077640.6071305,
      "relative_time": 0.22207975387573242,
      "body_pos": [
        0.0,
        0.0,
        0.0
      ],
      "body_rot": [
        [
          0.9751129005900657,
          -0.1755916327238083,
          0.13536033034324646
        ],
        [
          0.17238353192806244,
          0.9844021761369822,
          0.035160716623067856
        ],
        [
          -0.1394229233264923,
          -0.01095177885144949,
          0.9901723623388716
        ]
      ],
      "detection_pos": [
        0.29500457040451816,
        -0.08312382693206688,
        0.5008804295107308
      ],
      "kf_pos": [
        0.2909681915821847,
        -0.08346239999900158,
        0.49908308557615966
      ],
      "kf_vel": [
        -0.05470870471298489,
        -0.022857399395214043,
        -0.274842671828804
      ],
      "has_detection": true,
      "kf_state": "update",
      "rgb_file": "rgb_000013.png",
      "rgb_overlay_file": "rgb_overlay_000013.png",
      "depth_file": "depth_000013.npy",
      "gt_pos": [
        0.2875158486847173,
        -0.0840873388382193,
        0.49804526118093173
      ],
      "gt_pos_source": "gt_fit_icp",
      "gt_pos_rmse": 0.0005700844054517344
    },
    {
      "frame_index": 14,
      "timestamp": 1775077640.6248856,
      "relative_time": 0.23983478546142578,
      "body_pos": [
        0.0,
        0.0,
        0.0
      ],
      "body_rot": [
        [
          0.9751077841510399,
          -0.17563007771968842,
          0.13534729182720184
        ],
        [
          0.17242549359798431,
          0.9843955841718834,
          0.03513956442475319
        ],
        [
          -0.13940684497356415,
          -0.010927543044090271,
          0.9901748959328526
        ]
      ],
      "detection_pos": [
        0.2956322958506083,
        -0.08378112803569729,
        0.49515560084349314
      ],
      "kf_pos": [
        0.2916938276860266,
        -0.08381857115114452,
        0.4937523406824402
      ],
      "kf_vel": [
        -0.021074881473936588,
        -0.02098919439857946,
        -0.4308387093987701
      ],
      "has_detection": true,
      "kf_state": "update",
      "rgb_file": "rgb_000014.png",
      "rgb_overlay_file": "rgb_overlay_000014.png",
      "depth_file": "depth_000014.npy",
      "gt_pos": [
        0.28954340224325575,
        -0.08053546308759482,
        0.4900550733693411
      ],
      "gt_pos_source": "gt_fit_icp",
      "gt_pos_rmse": 0.0005795421877129678
    },
    {
      "frame_index": 15,
      "timestamp": 1775077640.6373913,
      "relative_time": 0.25234055519104004,
      "body_pos": [
        0.0,
        0.0,
        0.0
      ],
      "body_rot": [
        [
          0.9751083696385847,
          -0.17561118304729462,
          0.13536761701107025
        ],
        [
          0.17241264879703522,
          0.984399474275023,
          0.03509354591369629
        ],
        [
          -0.1394186168909073,
          -0.010880924761295319,
          0.990173750523139
        ]
      ],
      "detection_pos": [
        0.2962950606365257,
        -0.0832170352514372,
        0.4855188492888341
      ],
      "kf_pos": [
        0.2927578374251415,
        -0.08389191313977852,
        0.48528198482369783
      ],
      "kf_vel": [
        0.010873333765917717,
        -0.017496638719583443,
        -0.5927866584401593
      ],
      "has_detection": true,
      "kf_state": "update",
      "rgb_file": "rgb_000015.png",
      "rgb_overlay_file": "rgb_overlay_000015.png",
      "depth_file": "depth_000015.npy",
      "gt_pos": [
        0.2893449111669495,
        -0.07966255011455547,
        0.48025404136646427
      ],
      "gt_pos_source": "gt_fit_icp",
      "gt_pos_rmse": 0.0005798465092945693
    },
    {
      "frame_index": 16,
      "timestamp": 1775077640.6534183,
      "relative_time": 0.2683675289154053,
      "body_pos": [
        0.0,
        0.0,
        0.0
      ],
      "body_rot": [
        [
          0.9751046381291884,
          -0.1756247580051422,
          0.13537685573101044
        ],
        [
          0.17242708802223206,
          0.9843971521492487,
          0.035087764263153076
        ],
        [
          -0.13942687213420868,
          -0.01087161060422659,
          0.9901726915675577
        ]
      ],
      "detection_pos": [
        0.2979016055238906,
        -0.08266134043724131,
        0.4724688626049512
      ],
      "kf_pos": [
        0.2943254444557976,
        -0.08379524439738399,
        0.47351597769555276
      ],
      "kf_vel": [
        0.0427062842374733,
        -0.012997686594536782,
        -0.761251079514383
      ],
      "has_detection": true,
      "kf_state": "update",
      "rgb_file": "rgb_000016.png",
      "rgb_overlay_file": "rgb_overlay_000016.png",
      "depth_file": "depth_000016.npy",
      "gt_pos": [
        0.28947609752801207,
        -0.07806408446828367,
        0.46760221498225873
      ],
      "gt_pos_source": "gt_fit_icp",
      "gt_pos_rmse": 0.0005820455059150248
    },
    {
      "frame_index": 17,
      "timestamp": 1775077640.672739,
      "relative_time": 0.2876882553100586,
      "body_pos": [
        0.0,
        0.0,
        0.0
      ],
      "body_rot": [
        [
          0.9750994291358719,
          -0.17567554116249084,
          0.13534849882125854
        ],
        [
          0.17248225212097168,
          0.9843883997883943,
          0.03506213054060936
        ],
        [
          -0.13939505815505981,
          -0.0108438516035676,
          0.9901774756312268
        ]
      ],
      "detection_pos": [
        0.29510623713114337,
        -0.0805583119510593,
        0.45618340724960615
      ],
      "kf_pos": [
        0.29523970716117054,
        -0.08317874689548917,
        0.45844877797720274
      ],
      "kf_vel": [
        0.06605620435333497,
        -0.005357821256744784,
        -0.9344303013373607
      ],
      "has_detection": true,
      "kf_state": "update",
      "rgb_file": "rgb_000017.png",
      "rgb_overlay_file": "rgb_overlay_000017.png",
      "depth_file": "depth_000017.npy",
      "gt_pos": [
        0.2866230516814972,
        -0.07698465999874413,
        0.4496475720710848
      ],
      "gt_pos_source": "gt_fit_icp",
      "gt_pos_rmse": 0.0005781850701287627
    },
    {
      "frame_index": 18,
      "timestamp": 1775077640.687194,
      "relative_time": 0.3021433353424072,
      "body_pos": [
        0.0,
        0.0,
        0.0
      ],
      "body_rot": [
        [
          0.975095706223683,
          -0.17569275200366974,
          0.1353529840707779
        ],
        [
          0.17250202596187592,
          0.9843855539473858,
          0.035044822841882706
        ],
        [
          -0.13939665257930756,
          -0.010823396034538746,
          0.9901774751318823
        ]
      ],
      "detection_pos": [
        0.2937413389541696,
        -0.07954572883635201,
        0.437292903955525
      ],
      "kf_pos": [
        0.29592456369578213,
        -0.08238871297883493,
        0.44024317926372414
      ],
      "kf_vel": [
        0.08530930501527004,
        0.002484278336730379,
        -1.1101841504322079
      ],
      "has_detection": true,
      "kf_state": "update",
      "rgb_file": "rgb_000018.png",
      "rgb_overlay_file": "rgb_overlay_000018.png",
      "depth_file": "depth_000018.npy",
      "gt_pos": [
        0.2908439136864557,
        -0.07705271070110271,
        0.4348356144156129
      ],
      "gt_pos_source": "gt_fit_icp",
      "gt_pos_rmse": 0.0005772850068114238
    },
    {
      "frame_index": 19,
      "timestamp": 1775077640.7033098,
      "relative_time": 0.31825900077819824,
      "body_pos": [
        0.0,
        0.0,
        0.0
      ],
      "body_rot": [
        [
          0.9751054455538251,
          -0.17565520107746124,
          0.13533157110214233
        ],
        [
          0.1724613755941391,
          0.9843919247074359,
          0.035065922886133194
        ],
        [
          -0.13937881588935852,
          -0.010853509418666363,
          0.9901796559291766
        ]
      ],
      "detection_pos": [
        0.30350238483585457,
        -0.07993741320160581,
        0.41698180573810534
      ],
      "kf_pos": [
        0.29894534009608525,
        -0.08178470808184204,
        0.41925941230983194
      ],
      "kf_vel": [
        0.118565700819932,
        0.0081439697738343,
        -1.2853275554377173
      ],
      "has_detection": true,
      "kf_state": "update",
      "rgb_file": "rgb_000019.png",
      "rgb_overlay_file": "rgb_overlay_000019.png",
      "depth_file": "depth_000019.npy",
      "gt_pos": [
        0.2959479618317235,
        -0.07672124082598888,
        0.4164758823347676
      ],
      "gt_pos_source": "gt_fit_icp",
      "gt_pos_rmse": 0.0005815949839186265
    },
    {
      "frame_index": 20,
      "timestamp": 1775077640.7205966,
      "relative_time": 0.33554577827453613,
      "body_pos": [
        0.0,
        0.0,
        0.0
      ],
      "body_rot": [
        [
          0.9750966222533195,
          -0.17571930587291718,
          0.13531193137168884
        ],
        [
          0.17253027856349945,
          0.9843808571874588,
          0.035037681460380554
        ],
        [
          -0.13935527205467224,
          -0.010819727554917336,
          0.990183339208283
        ]
      ],
      "detection_pos": [
        0.3093349255024237,
        -0.07954724633050438,
        0.3902723279271102
      ],
      "kf_pos": [
        0.30303137534563135,
        -0.0811723736604997,
        0.3944594968755424
      ],
      "kf_vel": [
        0.15593976834947804,
        0.013257154380793971,
        -1.4707235369035352
      ],
      "has_detection": true,
      "kf_state": "update",
      "rgb_file": "rgb_000020.png",
      "rgb_overlay_file": "rgb_overlay_000020.png",
      "depth_file": "depth_000020.npy",
      "gt_pos": [
        0.30059926057556713,
        -0.07560894218993151,
        0.39026972781629726
      ],
      "gt_pos_source": "gt_fit_icp",
      "gt_pos_rmse": 0.0005737862385341523
    },
    {
      "frame_index": 21,
      "timestamp": 1775077640.7368925,
      "relative_time": 0.35184168815612793,
      "body_pos": [
        0.0,
        0.0,
        0.0
      ],
      "body_rot": [
        [
          0.9750961353724595,
          -0.1757151335477829,
          0.13532084226608276
        ],
        [
          0.17252255976200104,
          0.9843813438340935,
          0.035062018781900406
        ],
        [
          -0.1393682360649109,
          -0.010842946358025074,
          0.9901812605389857
        ]
      ],
      "detection_pos": [
        0.31459637803030926,
        -0.07981491052422204,
        0.362897882526824
      ],
      "kf_pos": [
        0.30782463552536804,
        -0.08068916648885831,
        0.36672468441315625
      ],
      "kf_vel": [
        0.19392947112656406,
        0.016919705330603038,
        -1.65453662515256
      ],
      "has_detection": true,
      "kf_state": "update",
      "rgb_file": "rgb_000021.png",
      "rgb_overlay_file": "rgb_overlay_000021.png",
      "depth_file": "depth_000021.npy",
      "gt_pos": [
        0.306080393503124,
        -0.07436488911427697,
        0.36406592082104877
      ],
      "gt_pos_source": "gt_fit_icp",
      "gt_pos_rmse": 0.0005816248474992193
    },
    {
      "frame_index": 22,
      "timestamp": 1775077640.7528598,
      "relative_time": 0.3678090572357178,
      "body_pos": [
        0.0,
        0.0,
        0.0
      ],
      "body_rot": [
        [
          0.9750979912339188,
          -0.17571355402469635,
          0.13530948758125305
        ],
        [
          0.17252452671527863,
          0.9843818645459601,
          0.035037651658058167
        ],
        [
          -0.13935279846191406,
          -0.010820942930877209,
          0.9901836736670946
        ]
      ],
      "detection_pos": [
        0.3187405781781787,
        -0.07842259184990073,
        0.3409072684667841
      ],
      "kf_pos": [
        0.3128435449450803,
        -0.07996330435797167,
        0.33865826922996367
      ],
      "kf_vel": [
        0.22737564781253164,
        0.021555202857662787,
        -1.8078495032130835
      ],
      "has_detection": true,
      "kf_state": "update",
      "rgb_file": "rgb_000022.png",
      "rgb_overlay_file": "rgb_overlay_000022.png",
      "depth_file": "depth_000022.npy",
      "gt_pos": [
        0.3119901168120728,
        -0.0739108774750246,
        0.33274789268482996
      ],
      "gt_pos_source": "gt_fit_icp",
      "gt_pos_rmse": 0.00057926446530529
    },
    {
      "frame_index": 23,
      "timestamp": 1775077640.7701325,
      "relative_time": 0.38508176803588867,
      "body_pos": [
        0.0,
        0.0,
        0.0
      ],
      "body_rot": [
        [
          0.9750860784422932,
          -0.17579233646392822,
          0.13529300689697266
        ],
        [
          0.17261341214179993,
          0.984368600856332,
          0.03497248515486717
        ],
        [
          -0.1393260955810547,
          -0.010747800581157207,
          0.9901882286493543
        ]
      ],
      "detection_pos": [
        0.3243883781630813,
        -0.07611688474680621,
        0.32394277783338504
      ],
      "kf_pos": [
        0.31823531592211385,
        -0.07886917932179303,
        0.31225207760948354
      ],
      "kf_vel": [
        0.257120185341774,
        0.028043571883033896,
        -1.9144510030051565
      ],
      "has_detection": true,
      "kf_state": "update",
      "rgb_file": "rgb_000023.png",
      "rgb_overlay_file": "rgb_overlay_000023.png",
      "depth_file": "depth_000023.npy",
      "gt_pos": [
        0.3233090032976441,
        -0.07425023635357894,
        0.3130723852705998
      ],
      "gt_pos_source": "gt_fit_icp",
      "gt_pos_rmse": 0.0005728098611560614
    },
    {
      "frame_index": 24,
      "timestamp": 1775077640.7864857,
      "relative_time": 0.40143489837646484,
      "body_pos": [
        0.0,
        0.0,
        0.0
      ],
      "body_rot": [
        [
          0.9750971892590278,
          -0.17573286592960358,
          0.1352902054786682
        ],
        [
          0.17255641520023346,
          0.9843793575082745,
          0.03495091199874878
        ],
        [
          -0.13931891322135925,
          -0.010735344141721725,
          0.9901893734608689
        ]
      ],
      "detection_pos": null,
      "kf_pos": [
        0.3227168870879841,
        -0.07836259891715767,
        0.2789949217336695
      ],
      "kf_vel": [
        0.27988451891279126,
        0.029774004916983628,
        -2.0763492486577064
      ],
      "has_detection": false,
      "kf_state": "predict",
      "rgb_file": "rgb_000024.png",
      "rgb_overlay_file": "rgb_overlay_000024.png",
      "depth_file": "depth_000024.npy"
    },
    {
      "frame_index": 25,
      "timestamp": 1775077640.8022513,
      "relative_time": 0.41720056533813477,
      "body_pos": [
        0.0,
        0.0,
        0.0
      ],
      "body_rot": [
        [
          0.9751072320954343,
          -0.1756953001022339,
          0.13526660203933716
        ],
        [
          0.17252203822135925,
          0.9843862085658134,
          0.03492765501141548
        ],
        [
          -0.1392911970615387,
          -0.010721743106842041,
          0.9901934204150622
        ]
      ],
      "detection_pos": null,
      "kf_pos": [
        0.32758095420425437,
        -0.07783540616566374,
        0.24303239238972635
      ],
      "kf_vel": [
        0.3026002502792631,
        0.031498049371861826,
        -2.238254157320504
      ],
      "has_detection": false,
      "kf_state": "predict",
      "rgb_file": "rgb_000025.png",
      "rgb_overlay_file": "rgb_overlay_000025.png",
      "depth_file": "depth_000025.npy"
    },
    {
      "frame_index": 26,
      "timestamp": 1775077640.8189335,
      "relative_time": 0.4338827133178711,
      "body_pos": [
        0.0,
        0.0,
        0.0
      ],
      "body_rot": [
        [
          0.9751096129275919,
          -0.17568595707416534,
          0.13526156544685364
        ],
        [
          0.17251412570476532,
          0.9843879656995177,
          0.03491726517677307
        ],
        [
          -0.13928434252738953,
          -0.010713630355894566,
          0.9901944723823615
        ]
      ],
      "detection_pos": null,
      "kf_pos": [
        0.3328161131226486,
        -0.07729116085309934,
        0.20437746055645412
      ],
      "kf_vel": [
        0.3253576859893699,
        0.03323128818215016,
        -2.400153315416591
      ],
      "has_detection": false,
      "kf_state": "predict",
      "rgb_file": "rgb_000026.png",
      "rgb_overlay_file": "rgb_overlay_000026.png",
      "depth_file": "depth_000026.npy"
    },
    {
      "frame_index": 27,
      "timestamp": 1775077640.8360548,
      "relative_time": 0.4510040283203125,
      "body_pos": [
        0.0,
        0.0,
        0.0
      ],
      "body_rot": [
        [
          0.9751126283392633,
          -0.175662562251091,
          0.13527022302150726
        ],
        [
          0.17249120771884918,
          0.984392184148401,
          0.03491150587797165
        ],
        [
          -0.13929159939289093,
          -0.010709728114306927,
          0.9901934933342166
        ]
      ],
      "detection_pos": null,
      "kf_pos": [
        0.338429045413496,
        -0.07671375620286823,
        0.16302888321594936
      ],
      "kf_vel": [
        0.3481492854696937,
        0.03497258814633993,
        -2.56204772354863
      ],
      "has_detection": false,
      "kf_state": "predict",
      "rgb_file": "rgb_000027.png",
      "rgb_overlay_file": "rgb_overlay_000027.png",
      "depth_file": "depth_000027.npy"
    },
    {
      "frame_index": 28,
      "timestamp": 1775077640.8525047,
      "relative_time": 0.4674539566040039,
      "body_pos": [
        0.0,
        0.0,
        0.0
      ],
      "body_rot": [
        [
          0.9751089590248093,
          -0.17565949261188507,
          0.1353006660938263
        ],
        [
          0.17248769104480743,
          0.9843927791954019,
          0.034912142902612686
        ],
        [
          -0.13932165503501892,
          -0.010705445893108845,
          0.9901893122616324
        ]
      ],
      "detection_pos": null,
      "kf_pos": [
        0.3444178943186772,
        -0.07611487055854863,
        0.11898976784718425
      ],
      "kf_vel": [
        0.37100612453162285,
        0.036711818009856706,
        -2.723933264195467
      ],
      "has_detection": false,
      "kf_state": "predict",
      "rgb_file": "rgb_000028.png",
      "rgb_overlay_file": "rgb_overlay_000028.png",
      "depth_file": "depth_000028.npy"
    },
    {
      "frame_index": 29,
      "timestamp": 1775077640.8690517,
      "relative_time": 0.48400092124938965,
      "body_pos": [
        0.0,
        0.0,
        0.0
      ],
      "body_rot": [
        [
          0.9751096221729241,
          -0.17566660046577454,
          0.1352866291999817
        ],
        [
          0.17248746752738953,
          0.9843909088600548,
          0.034965917468070984
        ],
        [
          -0.13931727409362793,
          -0.010760357603430748,
          0.9901893319586464
        ]
      ],
      "detection_pos": null,
      "kf_pos": [
        0.3507915029289834,
        -0.07549228337885665,
        0.07223601621627902
      ],
      "kf_vel": [
        0.3937724444626871,
        0.03862218939497319,
        -2.885828817725051
      ],
      "has_detection": false,
      "kf_state": "predict",
      "rgb_file": "rgb_000029.png",
      "rgb_overlay_file": "rgb_overlay_000029.png",
      "depth_file": "depth_000029.npy"
    },
    {
      "frame_index": 30,
      "timestamp": 1775077640.8852909,
      "relative_time": 0.5002400875091553,
      "body_pos": [
        0.0,
        0.0,
        0.0
      ],
      "body_rot": [
        [
          0.975105963910561,
          -0.17567448318004608,
          0.13530275225639343
        ],
        [
          0.17249660193920135,
          0.9843896521243451,
          0.03495617210865021
        ],
        [
          -0.13933154940605164,
          -0.01074670348316431,
          0.9901874712257446
        ]
      ],
      "detection_pos": null,
      "kf_pos": [
        0.3575431371557946,
        -0.07483714238315609,
        0.022795777488079268
      ],
      "kf_vel": [
        0.41659482817979554,
        0.04033960174566606,
        -3.0477193116716856
      ],
      "has_detection": false,
      "kf_state": "predict",
      "rgb_file": "rgb_000030.png",
      "rgb_overlay_file": "rgb_overlay_000030.png",
      "depth_file": "depth_000030.npy"
    },
    {
      "frame_index": 31,
      "timestamp": 1775077640.9026432,
      "relative_time": 0.5175924301147461,
      "body_pos": [
        0.0,
        0.0,
        0.0
      ],
      "body_rot": [
        [
          0.9751023256453715,
          -0.17566555738449097,
          0.1353406012058258
        ],
        [
          0.1724851429462433,
          0.9843911466994834,
          0.03497077524662018
        ],
        [
          -0.13937124609947205,
          -0.01075584627687931,
          0.9901817877346756
        ]
      ],
      "detection_pos": null,
      "kf_pos": [
        0.3646781631733583,
        -0.07414621212875061,
        -0.029334585925140585
      ],
      "kf_vel": [
        0.4395041359640804,
        0.04212619797269431,
        -3.2095969770128776
      ],
      "has_detection": false,
      "kf_state": "predict",
      "rgb_file": "rgb_000031.png",
      "rgb_overlay_file": "rgb_overlay_000031.png",
      "depth_file": "depth_000031.npy"
    },
    {
      "frame_index": 32,
      "timestamp": 1775077640.9217021,
      "relative_time": 0.5366513729095459,
      "body_pos": [
        0.0,
        0.0,
        0.0
      ],
      "body_rot": [
        [
          0.9751046589132524,
          -0.1756749153137207,
          0.13531161844730377
        ],
        [
          0.17249175906181335,
          0.9843891904871096,
          0.03499312698841095
        ],
        [
          -0.13934670388698578,
          -0.01078182552009821,
          0.990184957979013
        ]
      ],
      "detection_pos": null,
      "kf_pos": [
        0.3721906034758699,
        -0.07342935026275456,
        -0.08418822654111467
      ],
      "kf_vel": [
        0.4622078128365647,
        0.04397330771676858,
        -3.371501992678415
      ],
      "has_detection": false,
      "kf_state": "predict",
      "rgb_file": "rgb_000032.png",
      "rgb_overlay_file": "rgb_overlay_000032.png",
      "depth_file": "depth_000032.npy"
    },
    {
      "frame_index": 33,
      "timestamp": 1775077640.9370165,
      "relative_time": 0.5519657135009766,
      "body_pos": [
        0.0,
        0.0,
        0.0
      ],
