{
  "tracker_id": 0,
  "start_timestamp": 1775077636.5351045,
  "frame_count": 35,
  "dt": 0.016666666666666666,
  "ground_z_threshold": -0.22,
  "coord_frame": "body",
  "image_dir": "trajectory_tracker0_20260401_230717_0000",
  "frames": [
    {
      "frame_index": 0,
      "timestamp": 1775077636.5351045,
      "relative_time": 0.0,
      "body_pos": [
        0.0,
        0.0,
        0.0
      ],
      "body_rot": [
        [
          0.9746236301029504,
          -0.17873616516590118,
          0.1347671002149582
        ],
        [
          0.17563705146312714,
          0.9838452666453533,
          0.03464275598526001
        ],
        [
          -0.13878189027309418,
          -0.010093556717038155,
          0.9902715341460393
        ]
      ],
      "detection_pos": [
        0.3935047002926398,
        -0.09521400305390527,
        0.3292798181583048
      ],
      "kf_pos": [
        0.3935047002926398,
        -0.09521400305390527,
        0.3292798181583048
      ],
      "kf_vel": [
        0.0,
        0.0,
        0.0
      ],
      "has_detection": true,
      "kf_state": "update",
      "rgb_file": "rgb_000000.png",
      "rgb_overlay_file": "rgb_overlay_000000.png",
      "depth_file": "depth_000000.npy",
      "gt_pos": [
        0.3902305970338495,
        -0.0928357853606406,
        0.32557353546433143
      ],
      "gt_pos_source": "gt_fit_icp",
      "gt_pos_rmse": 0.0005776493073087531
    },
    {
      "frame_index": 1,
      "timestamp": 1775077636.5527532,
      "relative_time": 0.017648696899414062,
      "body_pos": [
        0.0,
        0.0,
        0.0
      ],
      "body_rot": [
        [
          0.9746247492169718,
          -0.17873695492744446,
          0.13475796580314636
        ],
        [
          0.1756437122821808,
          0.9838455243466585,
          0.03460173308849335
        ],
        [
          -0.1387656331062317,
          -0.010054321959614754,
          0.990274213084956
        ]
      ],
      "detection_pos": [
        0.38811577613863124,
        -0.0957925507230618,
        0.35700078210081865
      ],
      "kf_pos": [
        0.3881157763174634,
        -0.09579255070812479,
        0.3570007809322355
      ],
      "kf_vel": [
        0.022502189939978927,
        0.001623806775423996,
        -0.16094127156170526
      ],
      "has_detection": true,
      "kf_state": "update",
      "rgb_file": "rgb_000001.png",
      "rgb_overlay_file": "rgb_overlay_000001.png",
      "depth_file": "depth_000001.npy",
      "gt_pos": [
        0.38351324378357576,
        -0.09245654098495018,
        0.35685573168780743
      ],
      "gt_pos_source": "gt_fit_icp",
      "gt_pos_rmse": 0.0005708216960594672
    },
    {
      "frame_index": 2,
      "timestamp": 1775077636.5686536,
      "relative_time": 0.03354907035827637,
      "body_pos": [
        0.0,
        0.0,
        0.0
      ],
      "body_rot": [
        [
          0.9746252927364755,
          -0.17871582508087158,
          0.134782075881958
        ],
        [
          0.1756182312965393,
          0.9838490974497525,
          0.034629400819540024
        ],
        [
          -0.13879403471946716,
          -0.010080505162477493,
          0.9902699646923193
        ]
      ],
      "detection_pos": [
        0.3871866156368414,
        -0.09684090804391388,
        0.3885981246616492
      ],
      "kf_pos": [
        0.3871869084849725,
        -0.09684086907515065,
        0.38859558462120225
      ],
      "kf_vel": [
        -0.043891233537503904,
        -0.06215970895896926,
        1.8140391946377326
      ],
      "has_detection": true,
      "kf_state": "update",
      "rgb_file": "rgb_000002.png",
      "rgb_overlay_file": "rgb_overlay_000002.png",
      "depth_file": "depth_000002.npy",
      "gt_pos": [
        0.380187602859116,
        -0.09288594185434734,
        0.3883612021616877
      ],
      "gt_pos_source": "gt_fit_icp",
      "gt_pos_rmse": 0.0005844161011115833
    },
    {
      "frame_index": 3,
      "timestamp": 1775077636.5851135,
      "relative_time": 0.05000901222229004,
      "body_pos": [
        0.0,
        0.0,
        0.0
      ],
      "body_rot": [
        [
          0.9746274504265855,
          -0.17869393527507782,
          0.13479547202587128
        ],
        [
          0.17559261620044708,
          0.983852815706621,
          0.03465369716286659
        ],
        [
          -0.13881130516529083,
          -0.010105363093316555,
          0.9902672907539259
        ]
      ],
      "detection_pos": [
        0.37221075112546176,
        -0.09566683842333085,
        0.4146661167072437
      ],
      "kf_pos": [
        0.3746154733622447,
        -0.09603273223009016,
        0.41513588902902676
      ],
      "kf_vel": [
        -0.45414096057967185,
        0.005323771795488635,
        1.56753430565333
      ],
      "has_detection": true,
      "kf_state": "update",
      "rgb_file": "rgb_000003.png",
      "rgb_overlay_file": "rgb_overlay_000003.png",
      "depth_file": "depth_000003.npy",
      "gt_pos": [
        0.3680506798425249,
        -0.09454098068104538,
        0.4139397294743486
      ],
      "gt_pos_source": "gt_fit_icp",
      "gt_pos_rmse": 0.0005799766353350969
    },
    {
      "frame_index": 4,
      "timestamp": 1775077636.6016638,
      "relative_time": 0.0665593147277832,
      "body_pos": [
        0.0,
        0.0,
        0.0
      ],
      "body_rot": [
        [
          0.9746313651159109,
          -0.17870154976844788,
          0.13475710153579712
        ],
        [
          0.175603449344635,
          0.9838515793704785,
          0.03463392332196236
        ],
        [
          -0.13877013325691223,
          -0.010091505013406277,
          0.9902732050689573
        ]
      ],
      "detection_pos": [
        0.37366794033995077,
        -0.09809609657844681,
        0.44123338748659047
      ],
      "kf_pos": [
        0.371743895927011,
        -0.09744587852968332,
        0.44083307505311325
      ],
      "kf_vel": [
        -0.3158429234048935,
        -0.032051594237053095,
        1.4297237464732917
      ],
      "has_detection": true,
      "kf_state": "update",
      "rgb_file": "rgb_000004.png",
      "rgb_overlay_file": "rgb_overlay_000004.png",
      "depth_file": "depth_000004.npy",
      "gt_pos": [
        0.36703304141298576,
        -0.09563132827117884,
        0.4387805320404902
      ],
      "gt_pos_source": "gt_fit_icp",
      "gt_pos_rmse": 0.0005818032882015386
    },
    {
      "frame_index": 5,
      "timestamp": 1775077636.618506,
      "relative_time": 0.08340144157409668,
      "body_pos": [
        0.0,
        0.0,
        0.0
      ],
      "body_rot": [
        [
          0.974644400441301,
          -0.1786680668592453,
          0.13470715284347534
        ],
        [
          0.1755719631910324,
          0.98385764480502,
          0.03462110459804535
        ],
        [
          -0.13871833682060242,
          -0.010092467069625854,
          0.9902804467533753
        ]
      ],
      "detection_pos": [
        0.36099617003492745,
        -0.09595178445634135,
        0.46024721732908314
      ],
      "kf_pos": [
        0.36327528535051734,
        -0.09675145001574453,
        0.4614624959335071
      ],
      "kf_vel": [
        -0.36159314531209935,
        -0.0063477871342721495,
        1.2308928997556006
      ],
      "has_detection": true,
      "kf_state": "update",
      "rgb_file": "rgb_000005.png",
      "rgb_overlay_file": "rgb_overlay_000005.png",
      "depth_file": "depth_000005.npy",
      "gt_pos": [
        0.3582625040533635,
        -0.09498920127813672,
        0.45719478617427334
      ],
      "gt_pos_source": "gt_fit_icp",
      "gt_pos_rmse": 0.0005859844518641246
    },
    {
      "frame_index": 6,
      "timestamp": 1775077636.6361778,
      "relative_time": 0.1010732650756836,
      "body_pos": [
        0.0,
        0.0,
        0.0
      ],
      "body_rot": [
        [
          0.9746598033348638,
          -0.17858032882213593,
          0.13471205532550812
        ],
        [
          0.17547760903835297,
          0.9838730373474155,
          0.03466200828552246
        ],
        [
          -0.1387294977903366,
          -0.010144716128706932,
          0.990278349090753
        ]
      ],
      "detection_pos": [
        0.3586668873917006,
        -0.09793496549168551,
        0.4808705071022971
      ],
      "kf_pos": [
        0.3580837935090175,
        -0.09740857056474449,
        0.4807557002970388
      ],
      "kf_vel": [
        -0.3283674676915651,
        -0.014306396645791754,
        1.0710792231107633
      ],
      "has_detection": true,
      "kf_state": "update",
      "rgb_file": "rgb_000006.png",
      "rgb_overlay_file": "rgb_overlay_000006.png",
      "depth_file": "depth_000006.npy",
      "gt_pos": [
        0.3547335266402813,
        -0.09566233973027716,
        0.47764359293462105
      ],
      "gt_pos_source": "gt_fit_icp",
      "gt_pos_rmse": 0.0005808475829631211
    },
    {
      "frame_index": 7,
      "timestamp": 1775077636.6529343,
      "relative_time": 0.11782979965209961,
      "body_pos": [
        0.0,
        0.0,
        0.0
      ],
      "body_rot": [
        [
          0.9746599981335087,
          -0.1785411536693573,
          0.13476257026195526
        ],
        [
          0.17544043064117432,
          0.9838803945710526,
          0.034641388803720474
        ],
        [
          -0.13877515494823456,
          -0.010120774619281292,
          0.9902721975853683
        ]
      ],
      "detection_pos": [
        0.3575410254557634,
        -0.09898929015496287,
        0.4988310649536445
      ],
      "kf_pos": [
        0.3549948654144099,
        -0.09824962518150261,
        0.49800468626286976
      ],
      "kf_vel": [
        -0.2748487452365418,
        -0.02162068907435375,
        0.9195521405616973
      ],
      "has_detection": true,
      "kf_state": "update",
      "rgb_file": "rgb_000007.png",
      "rgb_overlay_file": "rgb_overlay_000007.png",
      "depth_file": "depth_000007.npy",
      "gt_pos": [
        0.35310034845912613,
        -0.096629631378877,
        0.49508350255612726
      ],
      "gt_pos_source": "gt_fit_icp",
      "gt_pos_rmse": 0.0005860205443795426
    },
    {
      "frame_index": 8,
      "timestamp": 1775077636.6727376,
      "relative_time": 0.1376330852508545,
      "body_pos": [
        0.0,
        0.0,
        0.0
      ],
      "body_rot": [
        [
          0.9746737995948602,
          -0.1784827560186386,
          0.13474008440971375
        ],
        [
          0.175383523106575,
          0.983890992795093,
          0.034628547728061676
        ],
        [
          -0.13875016570091248,
          -0.010120345279574394,
          0.99027570521945
        ]
      ],
      "detection_pos": [
        0.3522525515149979,
        -0.09846965089540025,
        0.5117731718662936
      ],
      "kf_pos": [
        0.3513044279336601,
        -0.0985286527350645,
        0.5118860370026636
      ],
      "kf_vel": [
        -0.24380225179117865,
        -0.019455026920749394,
        0.7564263187245625
      ],
      "has_detection": true,
      "kf_state": "update",
      "rgb_file": "rgb_000008.png",
      "rgb_overlay_file": "rgb_overlay_000008.png",
      "depth_file": "depth_000008.npy",
      "gt_pos": [
        0.3498977923331937,
        -0.09654237582509712,
        0.5078819781939442
      ],
      "gt_pos_source": "gt_fit_icp",
      "gt_pos_rmse": 0.0005733032865976217
    },
    {
      "frame_index": 9,
      "timestamp": 1775077636.6913295,
      "relative_time": 0.15622496604919434,
      "body_pos": [
        0.0,
        0.0,
        0.0
      ],
      "body_rot": [
        [
          0.9746827355748268,
          -0.1784362494945526,
          0.1347370147705078
        ],
        [
          0.17533457279205322,
          0.9838992034476678,
          0.03464311733841896
        ],
        [
          -0.13874924182891846,
          -0.010141990147531033,
          0.9902756115387923
        ]
      ],
      "detection_pos": [
        0.35132308427054615,
        -0.09916235978178158,
        0.5242813359297928
      ],
      "kf_pos": [
        0.34891329848224123,
        -0.09895628509629242,
        0.523583443677668
      ],
      "kf_vel": [
        -0.20512519523642464,
        -0.019197010104557675,
        0.5995864463954004
      ],
      "has_detection": true,
      "kf_state": "update",
      "rgb_file": "rgb_000009.png",
      "rgb_overlay_file": "rgb_overlay_000009.png",
      "depth_file": "depth_000009.npy",
      "gt_pos": [
        0.3485343272911636,
        -0.09727983608508275,
        0.5198793515952979
      ],
      "gt_pos_source": "gt_fit_icp",
      "gt_pos_rmse": 0.0005752031574081408
    },
    {
      "frame_index": 10,
      "timestamp": 1775077636.7079554,
      "relative_time": 0.1728508472442627,
      "body_pos": [
        0.0,
        0.0,
        0.0
      ],
      "body_rot": [
        [
          0.9746952527500355,
          -0.17838221788406372,
          0.13471806049346924
        ],
        [
          0.17529141902923584,
          0.9839097052702644,
          0.03456322103738785
        ],
        [
          -0.13871586322784424,
          -0.010073691606521606,
          0.9902809864906454
        ]
      ],
      "detection_pos": [
        0.3475350196116202,
        -0.099750134422023,
        0.5319343162967876
      ],
      "kf_pos": [
        0.3463463158381137,
        -0.09939652867005466,
        0.5321122104921244
      ],
      "kf_vel": [
        -0.17608094519280296,
        -0.019376451554400105,
        0.43626996316406297
      ],
      "has_detection": true,
      "kf_state": "update",
      "rgb_file": "rgb_000010.png",
      "rgb_overlay_file": "rgb_overlay_000010.png",
      "depth_file": "depth_000010.npy",
      "gt_pos": [
        0.34555429724504894,
        -0.09710963720168804,
        0.529383692593944
      ],
      "gt_pos_source": "gt_fit_icp",
      "gt_pos_rmse": 0.0005658828013811536
    },
    {
      "frame_index": 11,
      "timestamp": 1775077636.7221837,
      "relative_time": 0.18707919120788574,
      "body_pos": [
        0.0,
        0.0,
        0.0
      ],
      "body_rot": [
        [
          0.9746860364018326,
          -0.17841506004333496,
          0.13474121689796448
        ],
        [
          0.1753259301185608,
          0.9839039536991365,
          0.03455187380313873
        ],
        [
          -0.13873699307441711,
          -0.01005360297858715,
          0.9902782298920922
        ]
      ],
      "detection_pos": [
        0.34345366257360355,
        -0.10013263864510887,
        0.5381675390777446
      ],
      "kf_pos": [
        0.3435424830913032,
        -0.09984674333265503,
        0.5380869608382193
      ],
      "kf_vel": [
        -0.15381403990674433,
        -0.01896028845534068,
        0.2748610801789486
      ],
      "has_detection": true,
      "kf_state": "update",
      "rgb_file": "rgb_000011.png",
      "rgb_overlay_file": "rgb_overlay_000011.png",
      "depth_file": "depth_000011.npy",
      "gt_pos": [
        0.34313372823252786,
        -0.09764356923158567,
        0.5345133425683684
      ],
      "gt_pos_source": "gt_fit_icp",
      "gt_pos_rmse": 0.0005845984274024332
    },
    {
      "frame_index": 12,
      "timestamp": 1775077636.7368903,
      "relative_time": 0.20178580284118652,
      "body_pos": [
        0.0,
        0.0,
        0.0
      ],
      "body_rot": [
        [
          0.9746959322991742,
          -0.1783759742975235,
          0.13472139835357666
        ],
        [
          0.17529068887233734,
          0.9839112392567977,
          0.03452322259545326
        ],
        [
          -0.13871201872825623,
          -0.01003424171358347,
          0.9902819270440644
        ]
      ],
      "detection_pos": [
        0.34492789280642694,
        -0.10099389983600453,
        0.5437071666843363
      ],
      "kf_pos": [
        0.3423081453287133,
        -0.1003870847803758,
        0.5420986468886287
      ],
      "kf_vel": [
        -0.12185358214166608,
        -0.019565114393741333,
        0.1211613943306053
      ],
      "has_detection": true,
      "kf_state": "update",
      "rgb_file": "rgb_000012.png",
      "rgb_overlay_file": "rgb_overlay_000012.png",
      "depth_file": "depth_000012.npy",
      "gt_pos": [
        0.34468442485399947,
        -0.0993903109727631,
        0.5397641154204487
      ],
      "gt_pos_source": "gt_fit_icp",
      "gt_pos_rmse": 0.0005780558253761897
    },
    {
      "frame_index": 13,
      "timestamp": 1775077636.7526944,
      "relative_time": 0.2175898551940918,
      "body_pos": [
        0.0,
        0.0,
        0.0
      ],
      "body_rot": [
        [
          0.9747013016584132,
          -0.17834463715553284,
          0.13472402095794678
        ],
        [
          0.17526188492774963,
          0.9839170867282688,
          0.034502722322940826
        ],
        [
          -0.1387106478214264,
          -0.010017862543463707,
          0.9902822821333447
        ]
      ],
      "detection_pos": [
        0.3452347000477761,
        -0.10218216579279094,
        0.5438701258314849
      ],
      "kf_pos": [
        0.34182317253402267,
        -0.10110645532682941,
        0.5431017305742961
      ],
      "kf_vel": [
        -0.08841657086884237,
        -0.02135412461716372,
        -0.03768085144749292
      ],
      "has_detection": true,
      "kf_state": "update",
      "rgb_file": "rgb_000013.png",
      "rgb_overlay_file": "rgb_overlay_000013.png",
      "depth_file": "depth_000013.npy",
      "gt_pos": [
        0.34487174213503624,
        -0.0990077062792523,
        0.5423365585334704
      ],
      "gt_pos_source": "gt_fit_icp",
      "gt_pos_rmse": 0.0005587779550504057
    },
    {
      "frame_index": 14,
      "timestamp": 1775077636.7721214,
      "relative_time": 0.23701691627502441,
      "body_pos": [
        0.0,
        0.0,
        0.0
      ],
      "body_rot": [
        [
          0.9746973024142415,
          -0.17838019132614136,
          0.13470588624477386
        ],
        [
          0.17529696226119995,
          0.983910586651849,
          0.03450988605618477
        ],
        [
          -0.1386944204568863,
          -0.010023158974945545,
          0.990284500995184
        ]
      ],
      "detection_pos": [
        0.346863199203835,
        -0.10471807106802038,
        0.5423305200889376
      ],
      "kf_pos": [
        0.34224595579156575,
        -0.10234346655323155,
        0.5414625956904677
      ],
      "kf_vel": [
        -0.0527847794931222,
        -0.02642128911677869,
        -0.19658135201521346
      ],
      "has_detection": true,
      "kf_state": "update",
      "rgb_file": "rgb_000014.png",
      "rgb_overlay_file": "rgb_overlay_000014.png",
      "depth_file": "depth_000014.npy",
      "gt_pos": [
        0.34610544941902177,
        -0.100728640273807,
        0.541019420012074
      ],
      "gt_pos_source": "gt_fit_icp",
      "gt_pos_rmse": 0.0005910697740949652
    },
    {
      "frame_index": 15,
      "timestamp": 1775077636.7892354,
      "relative_time": 0.25413084030151367,
      "body_pos": [
        0.0,
        0.0,
        0.0
      ],
      "body_rot": [
        [
          0.9747005976907331,
          -0.17835605144500732,
          0.13471399247646332
        ],
        [
          0.17527630925178528,
          0.9839152164933652,
          0.03448272868990898
        ],
        [
          -0.13869734108448029,
          -0.009998162277042866,
          0.9902843430359389
        ]
      ],
      "detection_pos": [
        0.35115969030702604,
        -0.10699139899310027,
        0.5409487020621119
      ],
      "kf_pos": [
        0.34400481220206325,
        -0.10384164773295752,
        0.5380589904679408
      ],
      "kf_vel": [
        -0.012453728990945906,
        -0.03290377877332448,
        -0.3463659678737156
      ],
      "has_detection": true,
      "kf_state": "update",
      "rgb_file": "rgb_000015.png",
      "rgb_overlay_file": "rgb_overlay_000015.png",
      "depth_file": "depth_000015.npy",
      "gt_pos": [
        0.34897594432405343,
        -0.10297686592523643,
        0.5397009421111794
      ],
      "gt_pos_source": "gt_fit_icp",
      "gt_pos_rmse": 0.0005678335000387351
    },
    {
      "frame_index": 16,
      "timestamp": 1775077636.803277,
      "relative_time": 0.2681725025177002,
      "body_pos": [
        0.0,
        0.0,
        0.0
      ],
      "body_rot": [
        [
          0.9747028735068386,
          -0.17832495272159576,
          0.13473869860172272
        ],
        [
          0.17524613440036774,
          0.983920959687713,
          0.03447222709655762
        ],
        [
          -0.13871948421001434,
          -0.00998773891478777,
          0.9902813475972472
        ]
      ],
      "detection_pos": [
        0.3521177119316354,
        -0.10773455543884235,
        0.5330025395849115
      ],
      "kf_pos": [
        0.34598043918101123,
        -0.1051933382328168,
        0.5315161756021165
      ],
      "kf_vel": [
        0.02450705582619668,
        -0.03730186693678697,
        -0.5030530034804835
      ],
      "has_detection": true,
      "kf_state": "update",
      "rgb_file": "rgb_000016.png",
      "rgb_overlay_file": "rgb_overlay_000016.png",
      "depth_file": "depth_000016.npy",
      "gt_pos": [
        0.34945624408610954,
        -0.10515384915381236,
        0.5315126971486175
      ],
      "gt_pos_source": "gt_fit_icp",
      "gt_pos_rmse": 0.0005727937596466342
    },
    {
      "frame_index": 17,
      "timestamp": 1775077636.8193176,
      "relative_time": 0.2842130661010742,
      "body_pos": [
        0.0,
        0.0,
        0.0
      ],
      "body_rot": [
        [
          0.9747108595641052,
          -0.17827266454696655,
          0.1347501277923584
        ],
        [
          0.17519348859786987,
          0.9839303972678235,
          0.034470491111278534
        ],
        [
          -0.13872990012168884,
          -0.009991416707634926,
          0.9902798543999478
        ]
      ],
      "detection_pos": [
        0.3550615798555152,
        -0.10996390538578196,
        0.5224558347684375
      ],
      "kf_pos": [
        0.34860793597028117,
        -0.10677930824973528,
        0.5219123021686565
      ],
      "kf_vel": [
        0.06164765463014296,
        -0.04272810149726021,
        -0.6646601925354293
      ],
      "has_detection": true,
      "kf_state": "update",
      "rgb_file": "rgb_000017.png",
      "rgb_overlay_file": "rgb_overlay_000017.png",
      "depth_file": "depth_000017.npy",
      "gt_pos": [
        0.35236279231229317,
        -0.10601342256582051,
        0.5217679577622829
      ],
      "gt_pos_source": "gt_fit_icp",
      "gt_pos_rmse": 0.0005640800364471613
    },
    {
      "frame_index": 18,
      "timestamp": 1775077636.836231,
      "relative_time": 0.30112648010253906,
      "body_pos": [
        0.0,
        0.0,
        0.0
      ],
      "body_rot": [
        [
          0.9747163236933661,
          -0.1782343089580536,
          0.13476137816905975
        ],
        [
          0.17514988780021667,
          0.9839369717923544,
          0.03450443968176842
        ],
        [
          -0.13874657452106476,
          -0.010028604418039322,
          0.9902771420593655
        ]
      ],
      "detection_pos": [
        0.3618416021958995,
        -0.11223156425476195,
        0.5111590162176126
      ],
      "kf_pos": [
        0.35260769990533825,
        -0.10858082006347312,
        0.5098782616716391
      ],
      "kf_vel": [
        0.10384731750810411,
        -0.04877939372419193,
        -0.8237962154470142
      ],
      "has_detection": true,
      "kf_state": "update",
      "rgb_file": "rgb_000018.png",
      "rgb_overlay_file": "rgb_overlay_000018.png",
      "depth_file": "depth_000018.npy",
      "gt_pos": [
        0.35803956467584563,
        -0.10825677438140877,
        0.5109089862514244
      ],
      "gt_pos_source": "gt_fit_icp",
      "gt_pos_rmse": 0.0005753847457124293
    },
    {
      "frame_index": 19,
      "timestamp": 1775077636.853476,
      "relative_time": 0.3183715343475342,
      "body_pos": [
        0.0,
        0.0,
        0.0
      ],
      "body_rot": [
        [
          0.9747271255364932,
          -0.17817658185958862,
          0.1347595602273941
        ],
        [
          0.17509117722511292,
          0.9839473054531395,
          0.03450772166252136
        ],
        [
          -0.1387447863817215,
          -0.01004040241241455,
          0.9902772727430993
        ]
      ],
      "detection_pos": [
        0.37056568153812536,
        -0.11497095690056297,
        0.49796815959829116
      ],
      "kf_pos": [
        0.35815290729565635,
        -0.11063179310873379,
        0.4955973765608952
      ],
      "kf_vel": [
        0.15152139966420913,
        -0.05598061591458863,
        -0.9789013993153344
      ],
      "has_detection": true,
      "kf_state": "update",
      "rgb_file": "rgb_000019.png",
      "rgb_overlay_file": "rgb_overlay_000019.png",
      "depth_file": "depth_000019.npy",
      "gt_pos": [
        0.36396025491889084,
        -0.10980088292098354,
        0.4977949435725658
      ],
      "gt_pos_source": "gt_fit_icp",
      "gt_pos_rmse": 0.0005788884942942109
    },
    {
      "frame_index": 20,
      "timestamp": 1775077636.8871648,
      "relative_time": 0.35206031799316406,
      "body_pos": [
        0.0,
        0.0,
        0.0
      ],
      "body_rot": [
        [
          0.9747603385774468,
          -0.17801696062088013,
          0.1347302943468094
        ],
        [
          0.17493024468421936,
          0.9839759056364183,
          0.03450842574238777
        ],
        [
          -0.13871444761753082,
          -0.01006904523819685,
          0.9902812316566507
        ]
      ],
      "detection_pos": [
        0.3809974593426457,
        -0.11944749177967949,
        0.4589958361764804
      ],
      "kf_pos": [
        0.36562714825075504,
        -0.11324144641475022,
        0.47183077763773845
      ],
      "kf_vel": [
        0.21085813947673854,
        -0.06613742849965189,
        -1.2108116129183406
      ],
      "has_detection": true,
      "kf_state": "update",
      "rgb_file": "rgb_000020.png",
      "rgb_overlay_file": "rgb_overlay_000020.png",
      "depth_file": "depth_000020.npy",
      "gt_pos": [
        0.37542588364957447,
        -0.11612962582719975,
        0.45760393715606223
      ],
      "gt_pos_source": "gt_fit_icp",
      "gt_pos_rmse": 0.0005690709455456105
    },
    {
      "frame_index": 21,
      "timestamp": 1775077636.902549,
      "relative_time": 0.3674445152282715,
      "body_pos": [
        0.0,
        0.0,
        0.0
      ],
      "body_rot": [
        [
          0.974777634313371,
          -0.17794662714004517,
          0.1346980631351471
        ],
        [
          0.1748502254486084,
          0.9839877832069139,
          0.03457516431808472
        ],
        [
          -0.13869377970695496,
          -0.010151113383471966,
          0.990283288624488
        ]
      ],
      "detection_pos": [
        0.3875758356868838,
        -0.12073557062335513,
        0.43636662291127637
      ],
      "kf_pos": [
        0.3735427375948714,
        -0.11571705682170107,
        0.445757467074408
      ],
      "kf_vel": [
        0.265545736735566,
        -0.07376409670236718,
        -1.4251747675330668
      ],
      "has_detection": true,
      "kf_state": "update",
      "rgb_file": "rgb_000021.png",
      "rgb_overlay_file": "rgb_overlay_000021.png",
      "depth_file": "depth_000021.npy",
      "gt_pos": [
        0.381665550058381,
        -0.11666821017163688,
        0.43424275537235496
      ],
      "gt_pos_source": "gt_fit_icp",
      "gt_pos_rmse": 0.0005674884183568887
    },
    {
      "frame_index": 22,
      "timestamp": 1775077636.919345,
      "relative_time": 0.38424038887023926,
      "body_pos": [
        0.0,
        0.0,
        0.0
      ],
      "body_rot": [
        [
          0.9747718562519169,
          -0.17795848846435547,
          0.1347241848707199
        ],
        [
          0.17486131191253662,
          0.983985654318477,
          0.03457968682050705
        ],
        [
          -0.13872040808200836,
          -0.010149260982871056,
          0.9902795774881976
        ]
      ],
      "detection_pos": [
        0.3992631560736648,
        -0.12430519783815785,
        0.4076213882833671
      ],
      "kf_pos": [
        0.38291603634697924,
        -0.1185142404300814,
        0.41636524624569216
      ],
      "kf_vel": [
        0.3242538862749357,
        -0.08285182471528652,
        -1.6373200569989632
      ],
      "has_detection": true,
      "kf_state": "update",
      "rgb_file": "rgb_000022.png",
      "rgb_overlay_file": "rgb_overlay_000022.png",
      "depth_file": "depth_000022.npy",
      "gt_pos": [
        0.3919321089801473,
        -0.11913541190957266,
        0.4102164724228802
      ],
      "gt_pos_source": "gt_fit_icp",
      "gt_pos_rmse": 0.0005792867484907917
    },
    {
      "frame_index": 23,
      "timestamp": 1775077636.9364934,
      "relative_time": 0.40138888359069824,
      "body_pos": [
        0.0,
        0.0,
        0.0
      ],
      "body_rot": [
        [
          0.9747830199487941,
          -0.17790305614471436,
          0.13471661508083344
        ],
        [
          0.17481005191802979,
          0.9839959208034049,
          0.034546736627817154
        ],
        [
          -0.13870657980442047,
          -0.010125755332410336,
          0.9902817557884266
        ]
      ],
      "detection_pos": [
        0.3998756433267341,
        -0.12405671312135204,
        0.3776378523349879
      ],
      "kf_pos": [
        0.3911073382654114,
        -0.12073872479749309,
        0.38446110481327117
      ],
      "kf_vel": [
        0.3669965798877683,
        -0.08727355480491653,
        -1.8367825311553114
      ],
      "has_detection": true,
      "kf_state": "update",
      "rgb_file": "rgb_000023.png",
      "rgb_overlay_file": "rgb_overlay_000023.png",
      "depth_file": "depth_000023.npy",
      "gt_pos": [
        0.3967202895879869,
        -0.11952541060757363,
        0.3795612494697545
      ],
      "gt_pos_source": "gt_fit_icp",
      "gt_pos_rmse": 0.0005811180952773097
    },
    {
      "frame_index": 24,
      "timestamp": 1775077636.9528863,
      "relative_time": 0.4177818298339844,
      "body_pos": [
        0.0,
        0.0,
        0.0
      ],
      "body_rot": [
        [
          0.9747891018191941,
          -0.17787881195545197,
          0.1347046047449112
        ],
        [
          0.1747811883687973,
          0.98399991445663,
          0.03457898646593094
        ],
        [
          -0.1387002021074295,
          -0.010163388215005398,
          0.9902822631091437
        ]
      ],
      "detection_pos": [
        0.4061870931114079,
        -0.12427930961669477,
        0.34436227748754217
      ],
      "kf_pos": [
        0.39941019359327357,
        -0.12261718503522165,
        0.34986373279145644
      ],
      "kf_vel": [
        0.40522348940322306,
        -0.08847112754760238,
        -2.028880153767917
      ],
      "has_detection": true,
      "kf_state": "update",
      "rgb_file": "rgb_000024.png",
      "rgb_overlay_file": "rgb_overlay_000024.png",
      "depth_file": "depth_000024.npy",
      "gt_pos": [
        0.4032343770913148,
        -0.12172293653307051,
        0.3478546160625359
      ],
      "gt_pos_source": "gt_fit_icp",
      "gt_pos_rmse": 0.0005778859434766823
    },
    {
      "frame_index": 25,
      "timestamp": 1775077636.9687455,
      "relative_time": 0.4336409568786621,
      "body_pos": [
        0.0,
        0.0,
        0.0
      ],
      "body_rot": [
        [
          0.9747907364919945,
          -0.1778794229030609,
          0.1346920132637024
        ],
        [
          0.17478099465370178,
          0.9839997178872835,
          0.034585557878017426
        ],
        [
          -0.13868895173072815,
          -0.010172080248594284,
          0.990283748812
        ]
      ],
      "detection_pos": [
        0.4276920813586847,
        -0.13165341305421627,
        0.31975479410897534
      ],
      "kf_pos": [
        0.41084545780178405,
        -0.125686239344667,
        0.31597485512354595
      ],
      "kf_vel": [
        0.4589129782950296,
        -0.09805707201460223,
        -2.1791214508294874
      ],
      "has_detection": true,
      "kf_state": "update",
      "rgb_file": "rgb_000025.png",
      "rgb_overlay_file": "rgb_overlay_000025.png",
      "depth_file": "depth_000025.npy",
      "gt_pos": [
        0.42180246900691354,
        -0.12717771632207545,
        0.30655017423840886
      ],
      "gt_pos_source": "gt_fit_icp",
      "gt_pos_rmse": 0.0005860029188948683
    },
    {
      "frame_index": 26,
      "timestamp": 1775077636.984587,
      "relative_time": 0.44948244094848633,
      "body_pos": [
        0.0,
        0.0,
        0.0
      ],
      "body_rot": [
        [
          0.9748003374660009,
          -0.17784976959228516,
          0.1346616894006729
        ],
        [
          0.17475321888923645,
          0.9840051138908342,
          0.03457239642739296
        ],
        [
          -0.13865648210048676,
          -0.010168623179197311,
          0.9902883329549956
        ]
      ],
      "detection_pos": null,
      "kf_pos": [
        0.4186957517846295,
        -0.12729225161761973,
        0.27829426531346574
      ],
      "kf_vel": [
        0.4815154010743181,
        -0.09639759449341997,
        -2.341047760378647
      ],
      "has_detection": false,
      "kf_state": "predict",
      "rgb_file": "rgb_000026.png",
      "rgb_overlay_file": "rgb_overlay_000026.png",
      "depth_file": "depth_000026.npy"
    },
    {
      "frame_index": 27,
      "timestamp": 1775077637.0017996,
      "relative_time": 0.46669507026672363,
      "body_pos": [
        0.0,
        0.0,
        0.0
      ],
      "body_rot": [
        [
          0.9748099019212186,
          -0.1778043955564499,
          0.13465234637260437
        ],
        [
          0.1747099906206131,
          0.9840134091747297,
          0.034554701298475266
        ],
        [
          -0.13864368200302124,
          -0.010159156285226345,
          0.9902902198234007
        ]
      ],
      "detection_pos": null,
      "kf_pos": [
        0.42691861066129305,
        -0.12886232946418885,
        0.23792424699489892
      ],
      "kf_vel": [
        0.504158726222551,
        -0.09475213116481526,
        -2.5029646883661143
      ],
      "has_detection": false,
      "kf_state": "predict",
      "rgb_file": "rgb_000027.png",
      "rgb_overlay_file": "rgb_overlay_000027.png",
      "depth_file": "depth_000027.npy"
    },
    {
      "frame_index": 28,
      "timestamp": 1775077637.0183945,
      "relative_time": 0.4832899570465088,
      "body_pos": [
        0.0,
        0.0,
        0.0
      ],
      "body_rot": [
        [
          0.9748184560127724,
          -0.17776541411876678,
          0.13464190065860748
        ],
        [
          0.17468078434467316,
          0.9840211109365581,
          0.034483037889003754
        ],
        [
          -0.13862036168575287,
          -0.010095348581671715,
          0.9902941379421809
        ]
      ],
      "detection_pos": null,
      "kf_pos": [
        0.43551866484357643,
        -0.13040101985957148,
        0.1948577343854055
      ],
      "kf_vel": [
        0.5267678863029107,
        -0.09325812723817846,
        -2.6648829832179226
      ],
      "has_detection": false,
      "kf_state": "predict",
      "rgb_file": "rgb_000028.png",
      "rgb_overlay_file": "rgb_overlay_000028.png",
      "depth_file": "depth_000028.npy"
    },
    {
      "frame_index": 29,
      "timestamp": 1775077637.035584,
      "relative_time": 0.5004794597625732,
      "body_pos": [
        0.0,
        0.0,
        0.0
      ],
      "body_rot": [
        [
          0.9748181045362297,
          -0.1777726262807846,
          0.13463492691516876
        ],
        [
          0.17468561232089996,
          0.984019622632968,
          0.03450101986527443
        ],
        [
          -0.13861675560474396,
          -0.010113433934748173,
          0.9902944599981319
        ]
      ],
      "detection_pos": null,
      "kf_pos": [
        0.4444869201563687,
        -0.13194651597343077,
        0.149089599100597
      ],
      "kf_vel": [
        0.549421446748444,
        -0.09155664851463649,
        -2.8267998429471968
      ],
      "has_detection": false,
      "kf_state": "predict",
      "rgb_file": "rgb_000029.png",
      "rgb_overlay_file": "rgb_overlay_000029.png",
      "depth_file": "depth_000029.npy"
    },
    {
      "frame_index": 30,
      "timestamp": 1775077637.0523908,
      "relative_time": 0.5172863006591797,
      "body_pos": [
        0.0,
        0.0,
        0.0
      ],
      "body_rot": [
        [
          0.9748312184167665,
          -0.17774483561515808,
          0.13457663357257843
        ],
        [
          0.17465731501579285,
          0.9840244301018943,
          0.034507256001234055
        ],
        [
          -0.1385601907968521,
          -0.010133959352970123,
          0.990302164815529
        ]
      ],
      "detection_pos": null,
      "kf_pos": [
        0.4538426292323212,
        -0.13344636536783427,
        0.10059902072846882
      ],
      "kf_vel": [
        0.5719182763032814,
        -0.08983642454938084,
        -2.9887469509157123
      ],
      "has_detection": false,
      "kf_state": "predict",
      "rgb_file": "rgb_000030.png",
      "rgb_overlay_file": "rgb_overlay_000030.png",
      "depth_file": "depth_000030.npy"
    },
    {
      "frame_index": 31,
      "timestamp": 1775077637.0728242,
      "relative_time": 0.5377197265625,
      "body_pos": [
        0.0,
        0.0,
        0.0
      ],
      "body_rot": [
        [
          0.9748245099246104,
          -0.17777523398399353,
          0.13458508253097534
        ],
        [
          0.17469096183776855,
          0.9840192211165117,
          0.03448539599776268
        ],
        [
          -0.13856494426727295,
          -0.010106414556503296,
          0.9903017800364728
        ]
      ],
      "detection_pos": null,
      "kf_pos": [
        0.463558531976878,
        -0.13494462183869105,
        0.04944246235699312
      ],
      "kf_vel": [
        0.5945838536284687,
        -0.08827243868082793,
        -3.1506566724898746
      ],
      "has_detection": false,
      "kf_state": "predict",
      "rgb_file": "rgb_000031.png",
      "rgb_overlay_file": "rgb_overlay_000031.png",
      "depth_file": "depth_000031.npy"
    },
    {
      "frame_index": 32,
      "timestamp": 1775077637.085041,
      "relative_time": 0.5499365329742432,
      "body_pos": [
        0.0,
        0.0,
        0.0
      ],
      "body_rot": [
        [
          0.9748214684059029,
          -0.17777428030967712,
          0.13460835814476013
        ],
        [
          0.17468783259391785,
          0.9840192931415679,
          0.034499213099479675
        ],
        [
          -0.13859030604362488,
          -0.010116132907569408,
          0.990298133955843
        ]
      ],
      "detection_pos": null,
      "kf_pos": [
        0.47365748340471003,
        -0.1364009330205616,
